ec1 17317 19620 1
ec1 17458 19620 1
ec1 71271 72115 1
ec1 102742 103985 1
ec1 102867 106456 1
ec1 229098 229970 1
ec1 257810 259006 1
ec1 257824 259006 1
ec1 403687 404818 1
ec1 454349 454865 1
ec1 454434 454865 1
ec1 583567 584430 1
ec1 583656 584430 1
ec1 739421 740925 1
ec1 739421 740925 1
ec1 758586 765049 1
ec1 758586 762966 1
ec1 838484 838484 1
ec1 903769 903769 1
ec1 903769 903769 1
ec1 903769 903769 1
ec1 903815 903815 1
ec1 903815 903815 1
ec1 903815 903815 1
ec1 903836 903836 1
ec1 903836 903836 1
ec1 903836 903836 1
ec1 903843 903843 1
ec1 903843 903843 1
ec1 903843 903843 1
ec1 904523 904523 1
ec1 911076 911076 1
ec1 963749 964112 1
ec1 987092 987092 1
ec1 1063828 1063828 1
ec1 1063833 1063833 1
ec1 1063919 1063919 1
ec1 1064037 1064037 1
ec1 1103335 1103335 1
ec1 1103335 1103335 1
ec1 1103344 1103344 1
ec1 1103344 1103344 1
ec1 1103859 1105293 1
ec1 1114213 1114213 1
ec1 1247425 1247425 1
ec1 1250944 1250944 1
ec1 1251003 1252985 1
ec1 1289106 1291255 1
ec1 1290220 1291255 1
ec1 1298309 1298309 1
ec1 1298309 1298309 1
ec1 1298413 1298413 1
ec1 1298413 1298413 1
ec1 1316092 1316092 1
ec1 1316092 1316092 1
ec1 1335424 1338506 1
ec1 1335781 1338506 1
ec1 1335827 1338506 1
ec1 1343369 1343369 1
ec1 1343476 1343476 1
ec1 1344510 1344510 1
ec1 1344638 1344638 1
ec1 1346843 1346843 1
ec1 1360968 1360968 1
ec1 1361052 1366815 1
ec1 1362728 1366815 1
ec1 1475066 1477450 1
ec1 1526011 1526011 1
ec1 1526011 1526011 1
ec1 1526020 1526020 1
ec1 1526020 1526020 1
ec1 1544124 1544124 1
ec1 1544163 1544163 1
ec1 1547205 1547205 1
ec1 1556046 1556046 1
ec1 1556596 1557056 1
ec1 1556606 1557056 1
ec1 1563107 1563107 1
ec1 1563107 1563107 1
ec1 1563201 1563201 1
ec1 1563201 1563201 1
ec1 1563249 1563249 1
ec1 1563249 1563249 1
ec1 1572072 1572072 1
ec1 1607221 1608104 1
ec1 1607221 1608104 1
ec1 1671327 1671720 1
ec1 1686654 1686654 1
ec1 1686709 1686709 1
ec1 1724679 1724679 1
ec1 1741201 1742561 1
ec1 1741201 1742561 1
ec1 1741379 1742561 1
ec1 1741379 1742561 1
ec1 1754642 1754642 1
ec1 1755467 1757110 1
ec1 1755600 1757110 1
ec1 1755617 1757110 1
ec1 1755663 1757110 1
ec1 1795721 1795721 1
ec1 1806323 1807299 1
ec1 1806323 1807299 1
ec1 1806351 1807299 1
ec1 1806351 1807299 1
ec1 1813814 1816282 1
ec1 1832013 1832013 1
ec1 1832039 1832039 1
ec1 1832044 1832044 1
ec1 1832399 1833234 1
ec1 1923207 1923207 1
ec1 1942661 1942661 1
ec1 1981651 1981651 1
ec1 1982442 1982442 1
ec1 1982442 1982442 1
ec1 1982465 1982465 1
ec1 1982465 1982465 1
ec1 1986148 1986148 1
ec1 1986238 1986238 1
ec1 1996880 1997097 1
ec1 1996906 1997097 1
ec1 2035630 2036686 1
ec1 2035780 2036686 1
ec1 2147559 2147559 1
ec1 2178667 2178667 1
ec1 2255290 2256014 1
ec1 2309445 2309445 1
ec1 2461205 2462646 1
ec1 2483631 2487967 1
ec1 2483641 2487967 1
ec1 2535480 2536380 1
ec1 2535610 2536380 1
ec1 2562053 2563117 1
ec1 2579308 2581639 1
ec1 2579308 2581639 1
ec1 2579308 2581639 1
ec1 2685797 2687025 1
ec1 2790912 2795653 1
ec1 2790912 2795653 1
ec1 2791172 2795653 1
ec1 2791172 2795653 1
ec1 2796814 2796814 1
ec1 2814816 2814816 1
ec1 2815065 2815065 1
ec1 2819189 2819189 1
ec1 2819198 2819198 1
ec1 2819273 2819273 1
ec1 2819370 2819370 1
ec1 2819373 2819373 1
ec1 2857019 2859654 1
ec1 3055759 3056283 1
ec1 3055974 3056283 1
ec1 3068126 3068126 1
ec1 3068126 3068126 1
ec1 3068185 3068185 1
ec1 3068185 3068185 1
ec1 3083946 3083946 1
ec1 3109175 3109175 1
ec1 3156571 3157450 1
ec1 3192002 3192002 1
ec1 3192002 3192002 1
ec1 3192012 3192012 1
ec1 3192012 3192012 1
ec1 3219458 3220873 1
ec1 3490851 3490851 1
ec1 3522928 3522928 1
ec1 3569389 3569389 1
ec1 3569455 3569455 1
ec1 3569571 3569571 1
ec1 3634743 3635893 1
ec1 3639848 3639848 1
ec1 3657800 3658893 1
ec1 3658242 3658893 1
ec1 3659084 3663527 1
ec1 3659140 3663527 1
ec1 3659145 3663527 1
ec1 3664864 3664961 1
ec1 3665839 3665839 1
ec1 3665839 3665839 1
ec1 3667607 3667607 1
ec1 3669551 3671241 1
ec1 3678412 3678412 1
ec1 3719431 3719768 1
ec1 3756535 3756535 1
ec1 3881841 3881841 1
ec1 3881841 3881841 1
ec1 3881861 3881861 1
ec1 3881861 3881861 1
ec1 3948021 3948021 1
ec1 4046652 4046652 1
ec1 4105686 4105686 1
ec1 4119358 4119358 1
ec1 4158457 4159407 1
ec1 4196859 4196859 1
ec1 4196954 4196954 1
ec1 4275418 4277057 1
ec1 4278066 4278066 1
ec1 4330320 4332004 1
ec1 4330407 4332004 1
ec1 4376509 4376731 1
ec1 4377745 4377745 1
ec1 4416869 4416869 1
ec1 4439511 4439793 1
ec1 4455728 4457158 1
ec1 4455760 4457158 1
ec1 4556576 4557385 1
ec1 4556856 4557385 1
ec1 4591367 4591367 1
