ec1 174902 174902 1
ec1 174902 174902 1
ec1 174902 174902 1
ec1 174921 174921 1
ec1 174921 174921 1
ec1 174921 174921 1
ec1 174941 174941 1
ec1 174941 174941 1
ec1 174941 174941 1
ec1 794995 797612 1
ec1 795062 797612 1
ec1 1130165 1130165 1
ec1 1138351 1140986 1
ec1 1244556 1244556 1
ec1 1262177 1262177 1
ec1 1301085 1306768 1
ec1 1492439 1494110 1
ec1 1646388 1646737 1
ec1 1824984 1824984 1
ec1 1842163 1842163 1
ec1 1842163 1842163 1
ec1 1842188 1842188 1
ec1 1842188 1842188 1
ec1 1995717 1996042 1
ec1 2000410 2000410 1
ec1 2003676 2003676 1
ec1 2003817 2006165 1
ec1 2013036 2013036 1
ec1 2013093 2013093 1
ec1 2013146 2019513 1
ec1 2013205 2019513 1
ec1 2019584 2023678 1
ec1 2019595 2023678 1
ec1 2862197 2863501 1
ec1 2962507 2962507 1
ec1 3219120 3219120 1
ec1 3679229 3679229 1
ec1 4591412 4593312 1
ec1 4591633 4593312 1
