ec1 45592 47138 1
ec1 257810 259006 1
ec1 257824 259006 1
ec1 335739 336788 1
ec1 348646 354592 1
ec1 494817 496994 1
ec1 495075 497029 1
ec1 495084 497029 1
ec1 848047 848047 1
ec1 848198 848198 1
ec1 893634 897929 1
ec1 893736 897929 1
ec1 1074026 1074026 1
ec1 1272422 1273202 1
ec1 1359373 1359373 1
ec1 1368038 1370003 1
ec1 1563107 1563107 1
ec1 1563201 1563201 1
ec1 1563249 1563249 1
ec1 1832013 1832013 1
ec1 1832039 1832039 1
ec1 1832044 1832044 1
ec1 1866765 1870238 1
ec1 1866815 1870238 1
ec1 1978395 1978395 1
ec1 1978577 1978577 1
ec1 2061978 2061978 1
ec1 2280622 2282392 1
ec1 2323412 2327293 1
ec1 2426837 2426837 1
ec1 2587475 2590708 1
ec1 2587550 2590708 1
ec1 2691340 2691340 1
ec1 2691340 2691340 1
ec1 2832439 2835045 1
ec1 2838014 2838014 1
ec1 2838105 2838105 1
ec1 2850461 2850461 1
ec1 2850627 2854321 1
ec1 2913700 2913700 1
ec1 2913700 2913700 1
ec1 2914318 2914318 1
ec1 2914318 2914318 1
ec1 3000257 3003968 1
ec1 3000265 3003968 1
ec1 3018950 3020522 1
ec1 3374583 3376236 1
ec1 3374766 3376236 1
ec1 3418972 3423194 1
ec1 3558107 3558107 1
ec1 3600813 3600813 1
ec1 3600849 3600849 1
ec1 3600863 3600863 1
ec1 3600870 3600870 1
ec1 3601003 3601003 1
ec1 3613439 3618989 1
ec1 3613628 3618989 1
ec1 3672136 3673313 1
ec1 3853845 3855106 1
ec1 3866981 3866981 1
ec1 3982781 3984193 1
ec1 4058107 4058107 1
ec1 4058222 4058222 1
ec1 4058107 4058107 1
ec1 4058222 4058222 1
ec1 4094385 4094385 1
ec1 4201712 4201712 1
ec1 4201905 4204645 1
ec1 4262816 4263082 1
ec1 4284935 4284935 1
ec1 4299407 4299407 1
