ec1 10643 11315 1
ec1 10644 11315 1
ec1 63588 63588 1
ec1 87947 89032 1
ec1 142703 142703 1
ec1 231064 232549 1
ec1 375386 376670 1
ec1 456577 458755 1
ec1 456605 458755 1
ec1 456646 458755 1
ec1 458815 461242 1
ec1 461819 463786 1
ec1 461838 463786 1
ec1 494817 496994 1
ec1 494817 496994 1
ec1 495075 497029 1
ec1 495075 497029 1
ec1 495084 497029 1
ec1 495084 497029 1
ec1 518490 518490 1
ec1 705999 707978 1
ec1 706060 707978 1
ec1 711939 711939 1
ec1 765811 770611 1
ec1 1119071 1119071 1
ec1 1121020 1121020 1
ec1 1121020 1121020 1
ec1 1121032 1121032 1
ec1 1121032 1121032 1
ec1 1121058 1121058 1
ec1 1121058 1121058 1
ec1 1190483 1190483 1
ec1 1190491 1190491 1
ec1 1190508 1190508 1
ec1 1330789 1333645 1
ec1 1330818 1333645 1
ec1 1330848 1333645 1
ec1 1330883 1333645 1
ec1 1330980 1333645 1
ec1 1340135 1341727 1
ec1 1340186 1341727 1
ec1 1386692 1388301 1
ec1 1392072 1392072 1
ec1 1442915 1442915 1
ec1 1746202 1746202 1
ec1 1896809 1898331 1
ec1 1912618 1912618 1
ec1 1923385 1923385 1
ec1 2290422 2291147 1
ec1 2407408 2408778 1
ec1 2408831 2409461 1
ec1 2413459 2414672 1
ec1 2734205 2734205 1
ec1 2737104 2737495 1
ec1 2750747 2750747 1
ec1 2765906 2766991 1
ec1 2824394 2824394 1
ec1 2878915 2878915 1
ec1 3212473 3214962 1
ec1 3212637 3214962 1
ec1 3212688 3214962 1
ec1 3212693 3214888 1
ec1 3529110 3530652 1
ec1 3545458 3546199 1
ec1 3545596 3546199 1
ec1 3811175 3811175 1
ec1 3867518 3867518 1
ec1 4122354 4122354 1
ec1 4126908 4127225 1
ec1 4163295 4163295 1
ec1 4189753 4190349 1
ec1 4214159 4215209 1
ec1 4214233 4215209 1
ec1 4337202 4337202 1
ec1 4368603 4369140 1
ec1 4370616 4372671 1
ec1 4483919 4483919 1
ec1 4483927 4483927 1
ec1 4504020 4506405 1
ec1 4630700 4632670 1
ec1 4635243 4638120 1
