ec1 52034 52034 1
ec1 180845 182308 1
ec1 196470 197898 1
ec1 197821 200360 1
ec1 200960 201996 1
ec1 311393 311393 1
ec1 320215 320215 1
ec1 458815 461242 1
ec1 464360 464800 1
ec1 607731 607988 1
ec1 639002 641318 1
ec1 716641 716641 1
ec1 888057 888057 1
ec1 1074113 1074880 1
ec1 1074134 1074880 1
ec1 1169019 1169330 1
ec1 1169033 1169330 1
ec1 1189940 1189940 1
ec1 1538687 1538687 1
ec1 1720998 1724133 1
ec1 1728353 1733740 1
ec1 1792087 1792087 1
ec1 1890561 1890561 1
ec1 1893966 1894432 1
ec1 1958747 1958747 1
ec1 1958986 1958986 1
ec1 1986775 1987428 1
ec1 1986799 1987428 1
ec1 2167114 2167200 1
ec1 2495578 2496565 1
ec1 2537315 2538483 1
ec1 2551243 2551243 1
ec1 2599014 2599014 1
ec1 2709632 2709632 1
ec1 2735961 2736883 1
ec1 2735961 2736883 1
ec1 2736006 2736883 1
ec1 2736006 2736883 1
ec1 2753486 2753946 1
ec1 2766707 2767355 1
ec1 2766860 2767355 1
ec1 2814802 2814873 1
ec1 3038834 3038834 1
ec1 3101640 3101640 1
ec1 3101640 3101640 1
ec1 3101744 3101744 1
ec1 3101744 3101744 1
ec1 3101798 3101798 1
ec1 3101798 3101798 1
ec1 3112899 3112899 1
ec1 3201104 3201827 1
ec1 3204175 3204175 1
ec1 3212473 3214962 1
ec1 3212637 3214962 1
ec1 3212688 3214962 1
ec1 3212693 3214888 1
ec1 3296072 3296984 1
ec1 3296072 3296984 1
ec1 3296349 3296984 1
ec1 3296349 3296984 1
ec1 3328853 3328853 1
ec1 3328864 3328864 1
ec1 3336886 3336886 1
ec1 3343299 3344669 1
ec1 3343326 3344669 1
ec1 3455495 3455495 1
ec1 3455510 3455510 1
ec1 3455519 3455519 1
ec1 3455634 3455634 1
ec1 3471583 3471583 1
ec1 3471724 3471724 1
ec1 3477499 3477499 1
ec1 3477525 3477525 1
ec1 3550399 3550399 1
ec1 3600813 3600813 1
ec1 3600849 3600849 1
ec1 3600863 3600863 1
ec1 3600870 3600870 1
ec1 3601003 3601003 1
ec1 3682016 3682016 1
ec1 3710581 3710581 1
ec1 3721065 3722049 1
ec1 3836664 3836664 1
ec1 3867544 3868060 1
ec1 3893829 3895218 1
ec1 4256502 4256502 1
ec1 4256598 4256598 1
ec1 4439286 4439286 1
ec1 4595947 4595947 1
