148.0 5020
148.0 255
10643.0 11315
10644.0 11315
17317.0 19620
17317.0 19620
17458.0 19620
17458.0 19620
28288.0 29195
28288.0 29195
28343.0 29195
28343.0 29195
29551.0 34038
29551.0 34038
29619.0 34038
29619.0 34038
34218.0 34695
42037.0 35371
42325.0 45750
45592.0 47138
49799.0 50302
52034.0 51222
57156.0 57109
57156.0 57109
57241.0 57109
57241.0 57109
63588.0 63264
65803.0 65780
70075.0 66550
70241.0 71265
71271.0 72115
83735.0 79453
84024.0 79453
83735.0 83708
84154.0 85312
84188.0 85312
84304.0 85312
85420.0 87848
85420.0 87848
85420.0 87848
85453.0 87848
85453.0 87848
85453.0 87848
85540.0 87848
85540.0 87848
85540.0 87848
85600.0 87848
85600.0 87848
85600.0 87848
87947.0 89032
102742.0 103985
102867.0 106456
103561.0 106456
106508.0 107474
106508.0 107474
106530.0 107474
106530.0 107474
121650.0 121551
121650.0 121551
121671.0 121551
121671.0 121551
122969.0 127587
127717.0 129336
127717.0 129336
131519.0 134212
131564.0 134212
141263.0 141225
141279.0 141225
141360.0 141967
142703.0 142670
146745.0 146694
146754.0 146694
149630.0 148795
167442.0 173444
174902.0 174882
174902.0 174882
174902.0 174882
174921.0 174882
174921.0 174882
174921.0 174882
174941.0 174882
174941.0 174882
174941.0 174882
180845.0 182308
185977.0 185947
191812.0 192580
192814.0 193429
196470.0 197898
197821.0 200360
200960.0 201996
208326.0 209580
208411.0 209580
218837.0 218775
222714.0 220928
229098.0 229970
231064.0 232549
236913.0 237007
251969.0 253161
251969.0 253161
255737.0 255716
255776.0 255716
255809.0 255716
255914.0 256435
256502.0 257771
257810.0 259006
257810.0 259006
257824.0 259006
257824.0 259006
260158.0 260100
262841.0 262946
290340.0 290305
293118.0 292948
310797.0 310671
311393.0 311336
312805.0 312514
313285.0 313242
320215.0 318319
329361.0 327247
329421.0 331496
331873.0 333459
331873.0 333459
332039.0 333459
332039.0 333459
335739.0 336788
348471.0 348443
348646.0 354592
354884.0 357454
358709.0 358690
358773.0 361146
358773.0 359959
366343.0 361860
366343.0 361860
366358.0 361860
366358.0 361860
366365.0 361860
366365.0 361860
366377.0 361860
366377.0 361860
367538.0 367510
367538.0 367510
368519.0 374881
375386.0 376670
401319.0 401646
401363.0 401646
403687.0 404818
412529.0 412481
416977.0 415753
417101.0 419184
432091.0 432013
432091.0 432013
432245.0 432013
432245.0 432013
451653.0 447705
454210.0 454167
454349.0 454789
454349.0 454789
454434.0 454789
454434.0 454789
456577.0 458700
456577.0 458700
456605.0 458700
456605.0 458700
456646.0 458700
456646.0 458700
458815.0 461242
458815.0 461242
461305.0 461723
461305.0 461723
461305.0 461723
461305.0 461723
461332.0 461723
461332.0 461723
461332.0 461723
461332.0 461723
461395.0 461723
461395.0 461723
461395.0 461723
461395.0 461723
461442.0 461723
461442.0 461723
461442.0 461723
461442.0 461723
461819.0 463786
461819.0 463786
461838.0 463786
461838.0 463786
464360.0 464800
468352.0 468841
485698.0 484403
485699.0 486408
491310.0 491963
494817.0 496994
494817.0 496994
494817.0 496994
495075.0 496994
495075.0 496994
495075.0 496994
495084.0 496994
495084.0 496994
495084.0 496994
498031.0 499017
507204.0 507287
511411.0 511379
518490.0 518279
546411.0 544046
553142.0 552594
564703.0 564799
583567.0 584430
583567.0 584430
583656.0 584430
583656.0 584430
595462.0 594770
595573.0 601857
601929.0 603335
605453.0 605424
607731.0 607988
622192.0 620199
622192.0 620199
622234.0 620199
622234.0 620199
622253.0 623550
622253.0 623550
622258.0 623550
622258.0 623550
624727.0 624510
624831.0 629713
629855.0 631999
629855.0 631999
629864.0 631999
629864.0 631999
629873.0 631999
629873.0 631999
636686.0 636569
638693.0 641318
638693.0 641318
638921.0 641318
638921.0 641318
639002.0 641318
657147.0 657501
657147.0 657501
657250.0 657501
657250.0 657501
700352.0 700326
701865.0 701594
701865.0 701594
702008.0 701594
702008.0 701594
703840.0 705890
705999.0 707757
706060.0 707757
710716.0 710646
710716.0 710646
710716.0 710646
710716.0 710646
710723.0 710646
710723.0 710646
710723.0 710646
710723.0 710646
711939.0 711898
716641.0 716357
728849.0 724979
739421.0 740925
739421.0 740925
754670.0 754468
754767.0 754468
755404.0 758405
758586.0 765049
758586.0 765049
758586.0 762739
765811.0 770611
765926.0 765875
771170.0 774181
771170.0 774181
771170.0 774181
771170.0 774181
771170.0 774181
771202.0 774181
771202.0 774181
771202.0 774181
771202.0 774181
771202.0 774181
771213.0 774181
771213.0 774181
771213.0 774181
771213.0 774181
771213.0 774181
771284.0 774181
771284.0 774181
771284.0 774181
771284.0 774181
771284.0 774181
771368.0 774181
771368.0 774181
771368.0 774181
771368.0 774181
771368.0 774181
785591.0 786685
787632.0 787595
787632.0 787595
787670.0 787595
787670.0 787595
792081.0 788837
792081.0 788837
792086.0 788837
792086.0 788837
792177.0 788837
792177.0 788837
792081.0 792055
792081.0 792055
792081.0 792055
792081.0 792055
792086.0 792055
792086.0 792055
792081.0 791029
792081.0 791029
792081.0 791029
792081.0 791029
792086.0 791029
792086.0 791029
792081.0 789979
792081.0 789979
792086.0 789979
792086.0 789979
794751.0 794922
794995.0 797612
794995.0 797612
795062.0 797612
795062.0 797612
809292.0 809257
809302.0 812947
813152.0 815547
813152.0 815547
813152.0 815547
813462.0 815547
813462.0 815547
813462.0 815547
813493.0 815547
813493.0 815547
813493.0 815547
819858.0 820588
833073.0 835220
838484.0 838456
841648.0 841531
842153.0 842056
846631.0 846463
848047.0 846463
848198.0 846463
848950.0 848911
850209.0 850965
850419.0 850965
866394.0 865129
880653.0 881929
888057.0 888057
893634.0 897929
893736.0 897929
900626.0 900575
903769.0 901534
903769.0 901534
903769.0 901534
903769.0 901534
903815.0 901534
903815.0 901534
903815.0 901534
903815.0 901534
903836.0 901534
903836.0 901534
903836.0 901534
903836.0 901534
903843.0 901534
903843.0 901534
903843.0 901534
903843.0 901534
904523.0 904467
911076.0 911049
914895.0 914857
922676.0 922590
923080.0 925540
923092.0 925540
923210.0 925540
926007.0 925971
926479.0 926443
926479.0 926443
926685.0 926443
926685.0 926443
931031.0 929195
932328.0 933089
932929.0 937213
932929.0 937213
933138.0 937213
933138.0 937213
940823.0 944896
940878.0 944896
951154.0 951080
953579.0 953554
953579.0 953554
953579.0 953554
953641.0 953554
953641.0 953554
953641.0 953554
953741.0 953554
953741.0 953554
953741.0 953554
953851.0 953554
953851.0 953554
953851.0 953554
953925.0 953554
953925.0 953554
953925.0 953554
957579.0 958741
957595.0 958741
963749.0 964112
963749.0 964112
963749.0 964112
987092.0 986982
990414.0 990356
997563.0 994044
1004732.0 1005778
1011659.0 1014899
1011659.0 1014899
1011666.0 1014899
1011666.0 1014899
1016498.0 1016470
1020187.0 1020053
1020191.0 1020053
1020947.0 1020919
1021083.0 1021767
1031443.0 1031418
1031719.0 1031712
1031984.0 1037606
1037710.0 1041915
1050702.0 1049744
1057984.0 1057954
1058056.0 1062398
1063828.0 1062855
1063828.0 1062855
1063828.0 1062855
1063828.0 1062855
1063833.0 1062855
1063833.0 1062855
1063833.0 1062855
1063833.0 1062855
1063919.0 1062855
1063919.0 1062855
1063919.0 1062855
1063919.0 1062855
1064037.0 1062855
1064037.0 1062855
1064037.0 1062855
1064037.0 1062855
1074026.0 1069839
1074113.0 1074880
1074113.0 1074880
1074134.0 1074880
1074134.0 1074880
1078925.0 1078882
1079168.0 1080813
1079168.0 1080813
1079179.0 1080813
1079179.0 1080813
1079185.0 1080813
1079185.0 1080813
1079210.0 1080813
1079210.0 1080813
1079291.0 1080813
1079291.0 1080813
1081307.0 1082185
1084865.0 1086056
1084938.0 1086056
1092841.0 1094234
1097676.0 1097652
1100252.0 1100787
1103335.0 1101684
1103335.0 1101684
1103344.0 1101684
1103344.0 1101684
1103859.0 1105293
1109257.0 1113406
1109257.0 1113406
1109278.0 1113406
1109278.0 1113406
1114213.0 1114181
1119071.0 1118476
1121020.0 1120955
1121020.0 1120955
1121020.0 1120955
1121032.0 1120955
1121032.0 1120955
1121032.0 1120955
1121058.0 1120955
1121058.0 1120955
1121058.0 1120955
1121509.0 1121487
1122643.0 1122607
1124103.0 1124054
1130165.0 1129830
1130885.0 1129830
1130993.0 1138312
1138351.0 1140986
1144421.0 1144367
1144421.0 1144367
1144421.0 1144367
1144728.0 1144367
1144728.0 1144367
1144728.0 1144367
1144762.0 1144367
1144762.0 1144367
1144762.0 1144367
1144873.0 1144367
1144873.0 1144367
1144873.0 1144367
1148516.0 1151404
1151575.0 1151851
1157626.0 1159302
1157766.0 1159302
1165992.0 1167389
1169019.0 1169330
1169019.0 1169330
1169033.0 1169330
1169033.0 1169330
1170417.0 1170374
1173992.0 1173964
1173992.0 1173964
1174028.0 1173964
1174028.0 1173964
1189940.0 1189776
1190483.0 1189776
1190491.0 1189776
1190508.0 1189776
1194961.0 1196373
1194961.0 1196373
1195008.0 1196373
1195008.0 1196373
1212090.0 1212003
1212123.0 1212003
1214113.0 1214059
1215506.0 1215475
1230738.0 1232454
1234905.0 1235657
1234916.0 1235657
1237509.0 1239949
1237509.0 1239949
1237509.0 1239949
1237525.0 1239949
1237525.0 1239949
1237525.0 1239949
1237538.0 1239949
1237538.0 1239949
1237538.0 1239949
1244556.0 1244527
1247425.0 1247376
1250944.0 1249114
1251003.0 1252985
1257882.0 1257812
1257882.0 1257812
1258738.0 1259069
1262177.0 1261875
1262177.0 1261875
1267854.0 1269019
1267854.0 1269019
1272422.0 1273202
1273760.0 1275178
1277777.0 1275829
1277821.0 1279348
1277821.0 1279348
1277932.0 1279348
1277932.0 1279348
1279807.0 1286526
1289106.0 1291255
1290220.0 1291255
1292958.0 1292922
1298309.0 1298121
1298309.0 1298121
1298413.0 1298121
1298413.0 1298121
1301085.0 1306768
1311054.0 1311808
1313698.0 1312890
1315396.0 1315224
1316092.0 1315224
1316092.0 1316035
1319944.0 1317222
1323108.0 1317222
1323108.0 1323082
1329284.0 1330381
1329284.0 1330381
1329301.0 1330381
1329301.0 1330381
1330789.0 1333645
1330789.0 1333645
1330789.0 1333645
1330789.0 1333645
1330789.0 1333645
1330818.0 1333645
1330818.0 1333645
1330818.0 1333645
1330818.0 1333645
1330818.0 1333645
1330848.0 1333645
1330848.0 1333645
1330848.0 1333645
1330848.0 1333645
1330848.0 1333645
1330883.0 1333645
1330883.0 1333645
1330883.0 1333645
1330883.0 1333645
1330883.0 1333645
1330980.0 1333645
1330980.0 1333645
1330980.0 1333645
1330980.0 1333645
1330980.0 1333645
1333788.0 1334829
1335424.0 1338506
1335424.0 1338506
1335781.0 1338506
1335781.0 1338506
1335827.0 1338506
1335827.0 1338506
1339190.0 1339160
1339190.0 1339160
1339234.0 1339160
1339234.0 1339160
1339309.0 1340094
1340135.0 1341727
1340135.0 1341727
1340186.0 1341727
1340186.0 1341727
1343369.0 1343328
1343369.0 1343328
1343476.0 1343328
1343476.0 1343328
1344510.0 1344346
1344638.0 1344346
1346843.0 1346742
1348944.0 1348912
1348944.0 1348912
1349129.0 1348912
1349129.0 1348912
1350132.0 1350107
1359373.0 1359187
1360968.0 1359187
1361052.0 1366815
1362728.0 1366815
1367929.0 1367912
1367929.0 1367912
1367929.0 1367912
1367945.0 1367912
1367945.0 1367912
1367945.0 1367912
1368040.0 1367912
1368040.0 1367912
1368040.0 1367912
1368038.0 1370003
1386692.0 1388261
1386692.0 1388261
1388844.0 1388811
1392072.0 1391853
1399552.0 1399526
1409129.0 1409247
1437121.0 1437229
1441780.0 1441743
1442915.0 1442843
1447309.0 1447283
1447309.0 1447283
1447309.0 1447283
1447349.0 1447283
1447349.0 1447283
1447349.0 1447283
1447367.0 1447283
1447367.0 1447283
1447367.0 1447283
1447394.0 1447283
1447394.0 1447283
1447394.0 1447283
1447370.0 1449018
1447370.0 1449018
1447492.0 1449018
1447492.0 1449018
1451409.0 1451349
1453865.0 1463438
1463509.0 1465061
1475066.0 1477450
1482904.0 1482860
1488190.0 1489671
1491506.0 1491506
1492119.0 1492174
1492439.0 1494110
1506150.0 1506708
1509221.0 1509924
1526011.0 1525980
1526011.0 1525980
1526020.0 1525980
1526020.0 1525980
1538687.0 1536617
1544124.0 1544060
1544124.0 1544060
1544163.0 1544060
1544163.0 1544060
1547205.0 1547169
1547372.0 1551991
1556046.0 1555963
1556596.0 1557056
1556596.0 1557056
1556606.0 1557056
1556606.0 1557056
1563107.0 1558038
1563107.0 1558038
1563107.0 1558038
1563201.0 1558038
1563201.0 1558038
1563201.0 1558038
1563249.0 1558038
1563249.0 1558038
1563249.0 1558038
1572072.0 1570489
1582554.0 1580790
1586664.0 1586486
1592482.0 1592176
1601257.0 1600209
1607221.0 1608104
1607221.0 1608104
1610720.0 1610680
1619093.0 1620207
1622588.0 1622741
1622914.0 1622914
1623879.0 1623850
1624559.0 1624497
1624688.0 1625291
1646388.0 1646737
1668603.0 1668564
1671327.0 1671684
1677975.0 1676360
1686654.0 1686588
1686654.0 1686588
1686709.0 1686588
1686709.0 1686588
1688440.0 1688377
1688440.0 1686588
1688551.0 1689751
1697075.0 1697052
1699228.0 1699180
1699313.0 1702129
1702202.0 1703234
1712671.0 1714271
1720998.0 1724133
1724679.0 1724655
1726021.0 1727756
1727801.0 1728244
1727801.0 1728244
1728353.0 1733703
1734162.0 1734101
1734357.0 1735250
1735323.0 1735959
1737689.0 1738869
1741201.0 1742561
1741201.0 1742561
1741379.0 1742561
1741379.0 1742561
1746202.0 1746127
1746415.0 1746592
1754642.0 1749559
1755467.0 1757110
1755467.0 1757110
1755467.0 1757110
1755600.0 1757110
1755600.0 1757110
1755600.0 1757110
1755617.0 1757110
1755617.0 1757110
1755617.0 1757110
1755663.0 1757110
1755663.0 1757110
1755663.0 1757110
1764418.0 1759290
1787161.0 1787112
1788318.0 1789481
1788318.0 1789481
1788384.0 1789481
1788384.0 1789481
1792087.0 1792020
1795721.0 1795552
1799763.0 1799749
1799763.0 1799749
1806323.0 1807299
1806323.0 1807299
1806351.0 1807299
1806351.0 1807299
1810170.0 1810801
1813742.0 1813663
1813814.0 1816128
1822283.0 1822256
1822302.0 1823285
1823492.0 1824402
1824984.0 1824937
1825688.0 1825625
1832013.0 1826923
1832013.0 1826923
1832013.0 1826923
1832039.0 1826923
1832039.0 1826923
1832039.0 1826923
1832044.0 1826923
1832044.0 1826923
1832044.0 1826923
1832399.0 1833234
1842163.0 1842135
1842163.0 1842135
1842188.0 1842135
1842188.0 1842135
1842308.0 1843714
1862240.0 1863766
1862240.0 1863766
1862240.0 1863766
1862247.0 1863766
1862247.0 1863766
1862247.0 1863766
1862526.0 1863766
1862526.0 1863766
1862526.0 1863766
1862597.0 1863766
1862597.0 1863766
1862597.0 1863766
1862735.0 1863766
1862735.0 1863766
1862735.0 1863766
1862464.0 1862429
1865724.0 1865636
1866765.0 1870238
1866815.0 1870238
1888061.0 1887991
1890561.0 1890532
1893966.0 1894432
1896809.0 1898296
1901772.0 1901585
1901933.0 1904746
1905459.0 1906254
1912618.0 1912576
1923207.0 1923207
1923385.0 1922969
1929732.0 1929707
1930765.0 1930747
1932784.0 1932756
1932799.0 1932756
1933109.0 1932756
1936376.0 1936314
1937494.0 1939091
1937494.0 1939091
1937544.0 1939091
1937544.0 1939091
1942634.0 1944199
1942661.0 1942583
1946110.0 1946853
1946144.0 1946853
1947439.0 1947376
1947439.0 1947376
1947439.0 1947376
1958747.0 1958520
1958986.0 1958520
1960001.0 1961795
1966216.0 1962972
1978395.0 1977844
1978395.0 1977844
1978577.0 1977844
1978577.0 1977844
1981651.0 1981612
1982442.0 1981612
1982442.0 1981612
1982465.0 1981612
1982465.0 1981612
1986148.0 1983540
1986148.0 1983540
1986238.0 1983540
1986238.0 1983540
1986775.0 1987428
1986775.0 1987428
1986799.0 1987428
1986799.0 1987428
1988001.0 1987959
1988682.0 1989213
1989502.0 1990892
1989645.0 1990892
1994879.0 1994706
1995406.0 1994706
1995717.0 1996042
1996857.0 1996832
1996857.0 1996832
1996857.0 1996832
1996857.0 1996832
1996857.0 1996832
1996867.0 1996832
1996867.0 1996832
1996867.0 1996832
1996867.0 1996832
1996867.0 1996832
1996893.0 1996832
1996893.0 1996832
1996893.0 1996832
1996893.0 1996832
1996893.0 1996832
1996897.0 1996832
1996897.0 1996832
1996897.0 1996832
1996897.0 1996832
1996897.0 1996832
1996910.0 1996832
1996910.0 1996832
1996910.0 1996832
1996910.0 1996832
1996910.0 1996832
1996917.0 1996832
1996917.0 1996832
1996917.0 1996832
1996917.0 1996832
1996917.0 1996832
1996880.0 1997097
1996880.0 1997097
1996906.0 1997097
1996906.0 1997097
2000410.0 2000385
2000410.0 2000385
2003676.0 2003606
2003817.0 2006078
2003817.0 2006078
2006115.0 2007643
2013036.0 2013014
2013036.0 2013014
2013093.0 2013014
2013093.0 2013014
2013146.0 2019513
2013146.0 2019513
2013205.0 2019513
2013205.0 2019513
2019584.0 2023678
2019584.0 2023678
2019595.0 2023678
2019595.0 2023678
2023836.0 2024591
2025313.0 2025313
2035630.0 2036686
2035630.0 2036686
2035780.0 2036686
2035780.0 2036686
2038840.0 2039369
2041346.0 2042025
2043562.0 2043557
2044541.0 2044624
2053566.0 2054959
2059845.0 2059926
2060941.0 2060914
2061978.0 2061933
2062252.0 2062335
2065874.0 2064467
2065874.0 2064467
2065972.0 2064467
2065972.0 2064467
2071474.0 2074658
2071503.0 2074658
2093360.0 2097225
2101324.0 2101268
2147559.0 2147540
2153311.0 2153454
2153646.0 2153781
2167114.0 2167200
2168349.0 2167820
2177234.0 2172873
2178667.0 2178564
2185827.0 2187298
2185903.0 2185796
2193758.0 2196333
2193758.0 2196333
2194269.0 2196333
2194269.0 2196333
2194203.0 2194168
2196445.0 2197298
2214840.0 2215597
2222120.0 2221989
2231819.0 2232728
2233989.0 2236500
2239391.0 2237753
2240566.0 2237753
2241710.0 2241668
2246929.0 2246769
2246929.0 2246769
2246942.0 2246769
2246942.0 2246769
2248560.0 2248532
2250806.0 2251697
2255252.0 2255186
2255290.0 2256014
2263597.0 2261410
2280622.0 2282392
2282440.0 2282801
2290422.0 2291147
2308641.0 2308615
2309445.0 2309341
2309445.0 2309341
2312830.0 2312749
2312864.0 2312749
2312887.0 2312749
2313084.0 2313176
2313452.0 2316827
2315695.0 2316827
2315695.0 2316827
2315975.0 2316827
2315975.0 2316827
2323412.0 2327293
2339457.0 2339420
2339539.0 2340289
2349499.0 2349472
2352451.0 2351011
2352583.0 2356711
2405162.0 2391505
2405335.0 2391505
2407408.0 2408778
2408831.0 2409461
2413459.0 2414672
2426837.0 2424509
2426837.0 2424509
2434015.0 2433926
2441641.0 2441605
2456999.0 2456812
2460511.0 2459159
2461205.0 2462646
2466308.0 2466383
2466515.0 2467702
2477746.0 2477629
2477821.0 2480530
2479121.0 2480530
2483631.0 2487967
2483631.0 2487967
2483641.0 2487967
2483641.0 2487967
2493439.0 2493254
2495578.0 2496565
2498399.0 2498295
2509447.0 2509426
2509447.0 2509426
2509461.0 2509426
2509461.0 2509426
2512734.0 2512706
2513009.0 2514244
2518253.0 2518116
2520730.0 2520672
2520730.0 2520672
2520730.0 2520672
2520776.0 2520672
2520776.0 2520672
2520776.0 2520672
2520784.0 2520672
2520784.0 2520672
2520784.0 2520672
2522505.0 2522477
2522505.0 2522477
2522505.0 2522477
2522505.0 2522477
2522563.0 2522477
2522563.0 2522477
2522563.0 2522477
2522563.0 2522477
2524910.0 2523985
2532344.0 2533380
2532377.0 2533380
2535480.0 2536343
2535480.0 2536343
2535480.0 2536343
2535610.0 2536343
2535610.0 2536343
2535610.0 2536343
2537315.0 2538483
2543557.0 2539583
2545733.0 2548097
2545733.0 2548097
2545741.0 2548097
2545741.0 2548097
2545793.0 2545609
2551243.0 2550545
2553205.0 2554124
2553205.0 2554124
2562053.0 2563117
2579308.0 2581639
2579308.0 2581639
2579308.0 2581639
2587475.0 2590708
2587475.0 2590708
2587550.0 2590708
2587550.0 2590708
2597781.0 2597618
2599014.0 2598865
2599014.0 2598865
2599806.0 2600478
2599806.0 2600478
2599879.0 2600478
2599879.0 2600478
2600437.0 2600948
2621153.0 2622872
2634107.0 2632535
2634197.0 2635602
2640642.0 2640575
2662199.0 2659886
2665401.0 2666715
2685574.0 2685507
2685797.0 2687025
2687441.0 2687408
2687441.0 2687408
2687503.0 2687408
2687503.0 2687408
2687526.0 2687408
2687526.0 2687408
2691123.0 2691098
2691340.0 2691340
2691340.0 2691340
2691340.0 2691340
2691340.0 2691340
2695589.0 2695543
2695767.0 2697357
2700291.0 2700197
2700518.0 2700596
2709632.0 2707801
2709632.0 2707801
2710357.0 2712042
2716506.0 2716449
2716523.0 2716449
2718675.0 2719154
2719931.0 2722613
2734205.0 2734173
2734295.0 2734295
2735961.0 2736883
2735961.0 2736883
2736006.0 2736883
2736006.0 2736883
2737104.0 2737495
2737579.0 2738905
2750747.0 2750708
2751759.0 2753456
2753486.0 2753946
2755586.0 2755955
2765894.0 2767355
2765906.0 2766991
2766707.0 2767355
2766707.0 2767355
2766860.0 2767355
2766860.0 2767355
2790912.0 2795653
2790912.0 2795653
2790912.0 2795653
2791172.0 2795653
2791172.0 2795653
2791172.0 2795653
2796814.0 2796786
2798536.0 2798495
2798536.0 2798495
2798556.0 2798495
2798556.0 2798495
2798578.0 2798495
2798578.0 2798495
2800656.0 2804461
2804563.0 2808124
2804563.0 2808124
2804563.0 2808124
2804599.0 2808124
2804599.0 2808124
2804599.0 2808124
2804755.0 2808124
2804755.0 2808124
2804755.0 2808124
2814802.0 2814873
2814816.0 2814733
2815065.0 2814733
2819189.0 2819146
2819189.0 2819146
2819189.0 2819146
2819189.0 2819146
2819198.0 2819146
2819198.0 2819146
2819198.0 2819146
2819198.0 2819146
2819273.0 2819146
2819273.0 2819146
2819273.0 2819146
2819273.0 2819146
2819370.0 2819146
2819370.0 2819146
2819370.0 2819146
2819370.0 2819146
2819373.0 2819146
2819373.0 2819146
2819373.0 2819146
2819373.0 2819146
2823819.0 2822639
2823819.0 2823769
2824394.0 2824346
2832439.0 2835045
2838014.0 2837425
2838014.0 2837425
2838014.0 2837425
2838014.0 2837425
2838105.0 2837425
2838105.0 2837425
2838105.0 2837425
2838105.0 2837425
2839429.0 2842414
2850461.0 2843043
2850627.0 2854264
2857019.0 2859654
2862197.0 2863501
2867567.0 2867551
2867567.0 2867551
2867567.0 2867551
2867607.0 2867551
2867607.0 2867551
2867607.0 2867551
2867654.0 2867551
2867654.0 2867551
2867654.0 2867551
2867724.0 2867551
2867724.0 2867551
2867724.0 2867551
2868118.0 2867551
2868118.0 2867551
2868118.0 2867551
2876368.0 2873992
2878915.0 2878853
2884319.0 2878853
2891964.0 2888312
2907968.0 2907941
2907968.0 2907941
2908018.0 2907941
2908018.0 2907941
2908152.0 2907941
2908152.0 2907941
2908674.0 2907941
2908674.0 2907941
2908702.0 2907941
2908702.0 2907941
2908846.0 2907941
2908846.0 2907941
2913700.0 2913651
2913700.0 2913651
2914318.0 2913651
2914318.0 2913651
2924524.0 2924524
2933854.0 2933013
2934119.0 2940099
2942639.0 2942567
2942696.0 2942900
2947382.0 2947683
2947382.0 2947683
2949156.0 2950573
2959011.0 2958884
2962507.0 2962428
2962507.0 2962428
2965254.0 2965155
2965254.0 2965155
2966121.0 2966037
2976569.0 2977630
2978950.0 2979956
2978951.0 2978899
2982208.0 2982182
2991879.0 2993470
3000257.0 3003968
3000265.0 3003968
3018950.0 3020489
3018950.0 3020489
3038834.0 3038822
3039822.0 3040376
3050772.0 3049041
3055759.0 3056165
3055759.0 3056165
3055974.0 3056165
3055974.0 3056165
3058456.0 3058410
3058456.0 3058410
3058549.0 3058410
3058549.0 3058410
3068126.0 3068080
3068126.0 3068080
3068185.0 3068080
3068185.0 3068080
3068836.0 3068808
3072648.0 3072622
3072648.0 3072622
3072648.0 3072622
3072735.0 3072622
3072735.0 3072622
3072735.0 3072622
3072857.0 3072622
3072857.0 3072622
3072857.0 3072622
3081892.0 3082671
3083946.0 3083797
3086048.0 3083797
3086577.0 3087860
3088255.0 3089678
3100751.0 3100728
3100790.0 3100728
3101640.0 3101623
3101640.0 3101623
3101744.0 3101623
3101744.0 3101623
3101798.0 3101623
3101798.0 3101623
3105651.0 3106970
3109175.0 3109155
3112899.0 3112920
3128076.0 3121279
3128206.0 3129036
3136403.0 3136371
3146363.0 3139964
3152014.0 3151243
3152075.0 3153423
3156571.0 3157450
3156571.0 3157450
3168562.0 3168246
3168562.0 3168246
3168653.0 3168246
3168653.0 3168246
3169749.0 3171833
3169749.0 3171833
3169801.0 3171833
3169801.0 3171833
3192002.0 3191939
3192002.0 3191939
3192012.0 3191939
3192012.0 3191939
3194865.0 3194865
3195240.0 3195240
3201104.0 3201827
3204175.0 3204131
3206424.0 3209487
3210646.0 3210996
3212473.0 3214888
3212473.0 3214888
3212473.0 3214888
3212473.0 3214888
3212473.0 3214888
3212473.0 3214888
3212473.0 3214888
3212637.0 3214888
3212637.0 3214888
3212637.0 3214888
3212637.0 3214888
3212637.0 3214888
3212637.0 3214888
3212637.0 3214888
3212688.0 3214888
3212688.0 3214888
3212688.0 3214888
3212688.0 3214888
3212688.0 3214888
3212688.0 3214888
3212688.0 3214888
3212693.0 3214888
3212693.0 3214888
3212693.0 3214888
3212693.0 3214888
3212693.0 3214888
3212693.0 3214888
3212693.0 3214888
3215597.0 3215673
3216538.0 3216491
3219120.0 3219076
3219458.0 3220873
3222551.0 3226171
3234480.0 3234144
3244843.0 3243314
3244857.0 3243314
3246618.0 3247428
3270592.0 3270592
3270592.0 3270592
3270592.0 3270592
3278703.0 3278665
3296072.0 3296984
3296072.0 3296984
3296349.0 3296984
3296349.0 3296984
3305860.0 3305817
3305932.0 3305817
3311326.0 3311168
3311326.0 3311168
3311326.0 3311168
3318297.0 3318289
3318297.0 3318289
3318297.0 3318289
3318297.0 3318289
3318375.0 3318289
3318375.0 3318289
3318375.0 3318289
3318375.0 3318289
3318562.0 3319980
3322278.0 3322158
3322278.0 3322158
3328853.0 3328715
3328853.0 3328715
3328864.0 3328715
3328864.0 3328715
3336886.0 3336803
3343299.0 3344669
3343299.0 3344669
3343326.0 3344669
3343326.0 3344669
3354509.0 3361940
3373620.0 3373576
3374583.0 3376236
3374583.0 3376236
3374766.0 3376236
3374766.0 3376236
3380698.0 3382110
3380698.0 3382110
3382173.0 3383267
3384313.0 3384268
3384470.0 3384268
3384602.0 3385173
3384677.0 3385173
3401129.0 3398875
3401129.0 3398875
3401193.0 3398875
3401193.0 3398875
3401356.0 3398875
3401356.0 3398875
3401129.0 3401087
3401129.0 3401087
3401193.0 3401087
3401193.0 3401087
3401356.0 3401087
3401356.0 3401087
3405140.0 3407266
3405172.0 3407266
3413702.0 3418137
3418972.0 3423194
3438673.0 3438649
3455482.0 3466220
3455482.0 3466220
3455527.0 3466220
3455527.0 3466220
3455531.0 3466220
3455531.0 3466220
3455495.0 3453927
3455495.0 3453927
3455495.0 3453927
3455510.0 3453927
3455510.0 3453927
3455510.0 3453927
3455519.0 3453927
3455519.0 3453927
3455519.0 3453927
3455634.0 3453927
3455634.0 3453927
3455634.0 3453927
3469896.0 3469853
3471583.0 3471329
3471583.0 3471329
3471583.0 3471329
3471724.0 3471329
3471724.0 3471329
3471724.0 3471329
3477499.0 3477419
3477525.0 3477419
3485951.0 3485818
3485953.0 3486752
3486025.0 3486752
3486031.0 3486752
3490221.0 3490180
3490851.0 3490829
3490851.0 3490829
3492335.0 3492297
3492335.0 3492297
3492335.0 3492297
3492335.0 3492297
3492395.0 3492297
3492395.0 3492297
3492395.0 3492297
3492395.0 3492297
3492430.0 3492297
3492430.0 3492297
3492430.0 3492297
3492430.0 3492297
3492449.0 3492297
3492449.0 3492297
3492449.0 3492297
3492449.0 3492297
3497754.0 3499201
3497754.0 3499201
3497793.0 3499201
3497793.0 3499201
3513697.0 3513638
3513697.0 3513638
3513697.0 3513638
3513697.0 3513638
3513697.0 3513638
3513697.0 3513638
3522928.0 3521019
3529110.0 3530652
3532679.0 3534440
3540057.0 3542964
3545458.0 3546199
3545458.0 3546199
3545596.0 3546199
3545596.0 3546199
3546405.0 3547875
3546446.0 3547875
3546449.0 3547875
3550399.0 3550070
3552510.0 3550070
3553024.0 3555790
3558107.0 3556849
3561971.0 3563518
3568392.0 3566581
3569389.0 3566581
3569389.0 3566581
3569455.0 3566581
3569455.0 3566581
3569571.0 3566581
3569571.0 3566581
3573657.0 3566581
3577645.0 3577061
3577645.0 3577592
3578818.0 3578726
3578862.0 3578726
3578880.0 3578726
3581016.0 3581016
3581111.0 3581626
3592378.0 3588113
3592378.0 3588113
3592426.0 3588113
3592426.0 3588113
3597730.0 3593437
3597755.0 3593437
3599762.0 3599658
3600813.0 3600783
3600813.0 3600783
3600813.0 3600783
3600813.0 3600783
3600813.0 3600783
3600849.0 3600783
3600849.0 3600783
3600849.0 3600783
3600849.0 3600783
3600849.0 3600783
3600863.0 3600783
3600863.0 3600783
3600863.0 3600783
3600863.0 3600783
3600863.0 3600783
3600870.0 3600783
3600870.0 3600783
3600870.0 3600783
3600870.0 3600783
3600870.0 3600783
3601003.0 3600783
3601003.0 3600783
3601003.0 3600783
3601003.0 3600783
3601003.0 3600783
3606422.0 3608649
3613439.0 3618989
3613628.0 3618989
3634743.0 3635893
3639848.0 3639720
3639983.0 3640545
3639998.0 3640545
3640000.0 3640545
3646112.0 3647651
3647982.0 3647788
3648512.0 3650662
3656960.0 3657567
3657800.0 3658893
3657800.0 3658893
3658242.0 3658893
3658242.0 3658893
3658054.0 3658054
3659084.0 3663527
3659084.0 3663527
3659140.0 3663527
3659140.0 3663527
3659145.0 3663527
3659145.0 3663527
3664864.0 3664968
3665839.0 3665810
3665839.0 3664618
3667607.0 3665810
3669261.0 3669188
3669551.0 3671241
3672136.0 3673313
3678412.0 3678350
3679229.0 3679187
3682016.0 3681940
3683498.0 3683447
3692673.0 3690261
3696364.0 3696185
3696443.0 3699893
3700136.0 3700199
3707870.0 3702868
3710581.0 3710475
3712043.0 3712007
3719431.0 3719768
3719889.0 3720261
3719889.0 3720261
3719940.0 3720261
3719940.0 3720261
3721065.0 3722049
3725354.0 3724397
3737470.0 3739527
3737470.0 3739527
3742618.0 3742532
3756535.0 3756511
3772188.0 3776159
3772188.0 3776159
3772188.0 3776159
3772188.0 3776159
3777289.0 3781017
3790149.0 3790081
3801136.0 3800196
3808180.0 3799312
3808238.0 3799312
3808256.0 3809817
3808256.0 3809817
3808516.0 3809817
3808516.0 3809817
3811175.0 3811152
3821388.0 3822051
3836664.0 3834537
3843910.0 3845730
3847198.0 3847167
3853023.0 3852988
3853845.0 3855106
3866981.0 3866897
3867518.0 3866897
3867544.0 3868060
3880150.0 3880119
3881841.0 3881221
3881841.0 3881221
3881841.0 3881221
3881841.0 3881221
3881841.0 3881221
3881861.0 3881221
3881861.0 3881221
3881861.0 3881221
3881861.0 3881221
3881861.0 3881221
3888411.0 3891483
3888411.0 3888509
3893829.0 3895218
3907665.0 3907578
3907665.0 3907578
3907665.0 3907578
3907665.0 3907578
3907665.0 3907578
3911568.0 3911525
3911568.0 3909439
3915223.0 3913668
3915223.0 3913668
3915326.0 3913668
3915326.0 3913668
3922525.0 3915972
3926475.0 3926455
3927031.0 3927003
3927129.0 3928147
3933322.0 3939219
3948021.0 3947967
3950218.0 3956875
3950218.0 3956875
3950218.0 3956875
3950218.0 3956875
3950290.0 3956875
3950290.0 3956875
3950290.0 3956875
3950290.0 3956875
3950218.0 3950420
3950218.0 3950420
3950290.0 3950420
3950290.0 3950420
3957867.0 3957820
3957912.0 3959445
3960647.0 3962698
3965647.0 3966090
3965647.0 3966090
3965687.0 3966090
3965687.0 3966090
3982781.0 3984193
3986432.0 3986603
3990774.0 3993699
3990774.0 3993699
3990790.0 3993699
3990790.0 3993699
3990999.0 3993699
3990999.0 3993699
3997907.0 4000145
3997971.0 4000145
4001194.0 4002376
4004814.0 4005731
4016343.0 4016169
4016391.0 4017192
4019978.0 4020229
4021909.0 4024336
4021909.0 4023512
4031013.0 4028772
4043377.0 4044044
4043377.0 4044044
4046652.0 4046602
4049899.0 4050007
4051308.0 4051856
4051943.0 4053418
4056371.0 4055278
4058107.0 4058034
4058107.0 4058034
4058222.0 4058034
4058222.0 4058034
4058107.0 4055278
4058107.0 4055278
4058222.0 4055278
4058222.0 4055278
4094385.0 4094272
4097472.0 4094272
4097711.0 4099494
4100566.0 4100525
4100759.0 4101430
4105686.0 4104975
4105785.0 4106387
4107474.0 4108514
4107474.0 4108514
4107522.0 4108514
4107522.0 4108514
4111524.0 4111507
4111569.0 4111507
4114499.0 4114472
4118161.0 4115579
4119358.0 4119330
4119358.0 4119330
4122354.0 4121747
4124509.0 4124456
4126908.0 4127225
4128466.0 4128395
4128466.0 4128395
4128529.0 4128395
4128529.0 4128395
4128558.0 4128395
4128558.0 4128395
4128636.0 4132267
4132546.0 4133506
4133812.0 4136015
4154885.0 4158223
4154897.0 4154847
4155078.0 4154847
4158394.0 4158394
4158457.0 4159407
4163295.0 4163270
4189753.0 4190325
4196859.0 4196808
4196859.0 4196808
4196954.0 4196808
4196954.0 4196808
4201712.0 4201688
4201905.0 4204645
4207627.0 4205931
4214159.0 4215209
4214159.0 4215209
4214233.0 4215209
4214233.0 4215209
4215402.0 4220332
4223505.0 4227511
4223505.0 4227511
4223783.0 4227511
4223783.0 4227511
4233539.0 4233233
4233539.0 4233233
4233616.0 4233233
4233616.0 4233233
4233722.0 4235407
4235858.0 4236148
4235858.0 4239730
4235858.0 4239730
4235872.0 4239730
4235872.0 4239730
4240300.0 4240735
4246464.0 4243516
4252443.0 4253888
4256502.0 4256466
4256598.0 4256466
4262816.0 4263082
4267082.0 4268307
4273936.0 4273871
4274011.0 4274661
4274011.0 4274661
4274011.0 4274661
4274080.0 4274661
4274080.0 4274661
4274080.0 4274661
4274092.0 4274661
4274092.0 4274661
4274092.0 4274661
4275418.0 4277057
4277423.0 4277383
4277447.0 4277933
4278066.0 4278066
4284935.0 4284902
4284935.0 4284902
4284935.0 4284902
4287671.0 4294139
4299407.0 4299366
4313257.0 4313799
4325206.0 4315102
4330320.0 4332004
4330320.0 4332004
4330407.0 4332004
4330407.0 4332004
4337202.0 4337031
4340556.0 4340521
4341650.0 4341628
4341887.0 4344790
4347348.0 4347326
4347348.0 4347326
4350565.0 4350034
4351685.0 4350034
4354797.0 4354717
4354805.0 4354717
4360106.0 4358617
4361963.0 4361934
4365392.0 4365356
4366843.0 4366773
4366843.0 4366773
4366951.0 4366773
4366951.0 4366773
4368432.0 4368327
4368603.0 4369140
4370616.0 4372671
4375567.0 4376265
4376509.0 4376699
4377745.0 4377722
4379003.0 4378944
4382412.0 4379366
4392736.0 4392945
4404664.0 4405985
4414247.0 4415900
4416869.0 4416770
4419927.0 4424386
4436629.0 4436565
4439286.0 4439262
4439511.0 4439793
4448402.0 4449042
4448402.0 4449042
4448428.0 4449042
4448428.0 4449042
4455728.0 4457158
4455728.0 4457158
4455760.0 4457158
4455760.0 4457158
4462838.0 4460364
4466210.0 4464709
4467271.0 4467246
4467271.0 4467246
4467271.0 4467246
4467271.0 4467246
4467275.0 4467246
4467275.0 4467246
4467275.0 4467246
4467275.0 4467246
4467279.0 4467246
4467279.0 4467246
4467279.0 4467246
4467279.0 4467246
4467347.0 4467246
4467347.0 4467246
4467347.0 4467246
4467347.0 4467246
4467280.0 4470321
4467280.0 4470321
4467363.0 4470321
4467363.0 4470321
4474064.0 4474053
4478344.0 4478311
4478384.0 4478889
4478445.0 4478889
4483919.0 4483837
4483919.0 4483837
4483919.0 4483837
4483927.0 4483837
4483927.0 4483837
4483927.0 4483837
4486101.0 4485951
4486101.0 4485951
4486101.0 4485951
4486112.0 4485951
4486112.0 4485951
4486112.0 4485951
4486139.0 4485951
4486139.0 4485951
4486139.0 4485951
4491182.0 4491139
4494597.0 4495186
4504020.0 4506405
4516727.0 4511457
4518282.0 4517717
4527977.0 4528066
4540667.0 4541559
4540809.0 4541559
4541871.0 4542633
4542694.0 4549710
4551334.0 4551296
4551518.0 4554361
4554458.0 4555349
4556576.0 4557385
4556576.0 4557385
4556856.0 4557385
4556856.0 4557385
4579835.0 4579911
4579917.0 4579840
4591367.0 4591279
4591412.0 4593312
4591412.0 4593312
4591633.0 4593312
4591633.0 4593312
4595947.0 4595851
4605694.0 4605663
4605694.0 4605663
4605752.0 4605663
4605752.0 4605663
4605777.0 4606040
4611153.0 4612001
4616679.0 4621602
4616679.0 4621602
4617278.0 4621602
4617278.0 4621602
4619567.0 4621602
4630700.0 4632670
4632704.0 4633086
4635243.0 4638120
4635477.0 4639530
4640508.0 4640306
4640508.0 4640306
4640508.0 4640306
4640508.0 4640306
4640508.0 4640306
4640508.0 4640306
4640508.0 4640306
4640512.0 4640306
4640512.0 4640306
4640512.0 4640306
4640512.0 4640306
4640512.0 4640306
4640512.0 4640306
4640512.0 4640306
4640535.0 4640306
4640535.0 4640306
4640535.0 4640306
4640535.0 4640306
4640535.0 4640306
4640535.0 4640306
4640535.0 4640306
4640599.0 4640306
4640599.0 4640306
4640599.0 4640306
4640599.0 4640306
4640599.0 4640306
4640599.0 4640306
4640599.0 4640306
4640681.0 4640306
4640681.0 4640306
4640681.0 4640306
4640681.0 4640306
4640681.0 4640306
4640681.0 4640306
4640681.0 4640306
4640688.0 4640306
4640688.0 4640306
4640688.0 4640306
4640688.0 4640306
4640688.0 4640306
4640688.0 4640306
4640688.0 4640306
4640801.0 4640306
4640801.0 4640306
4640801.0 4640306
4640801.0 4640306
4640801.0 4640306
4640801.0 4640306
4640801.0 4640306
