ec1 148 5020 1
ec1 148 310 1
ec1 17317 19620 1
ec1 17458 19620 1
ec1 28288 29272 1
ec1 28288 29272 1
ec1 28343 29272 1
ec1 28343 29272 1
ec1 29551 34038 1
ec1 29551 34038 1
ec1 29619 34038 1
ec1 29619 34038 1
ec1 34218 34695 1
ec1 42037 42037 1
ec1 42325 45750 1
ec1 49799 50302 1
ec1 57156 57156 1
ec1 57156 57156 1
ec1 57241 57241 1
ec1 57241 57241 1
ec1 65803 65803 1
ec1 70075 70075 1
ec1 70241 71265 1
ec1 83735 83735 1
ec1 84024 84024 1
ec1 83735 83735 1
ec1 84154 85312 1
ec1 84188 85312 1
ec1 84304 85312 1
ec1 85420 87848 1
ec1 85420 87848 1
ec1 85420 87848 1
ec1 85453 87848 1
ec1 85453 87848 1
ec1 85453 87848 1
ec1 85540 87848 1
ec1 85540 87848 1
ec1 85540 87848 1
ec1 85600 87848 1
ec1 85600 87848 1
ec1 85600 87848 1
ec1 103561 106456 1
ec1 106508 107544 1
ec1 106508 107544 1
ec1 106530 107474 1
ec1 106530 107474 1
ec1 121650 121650 1
ec1 121650 121650 1
ec1 121671 121671 1
ec1 121671 121671 1
ec1 122969 127619 1
ec1 127717 129394 1
ec1 127717 129394 1
ec1 131519 134272 1
ec1 131564 134212 1
ec1 141263 141263 1
ec1 141279 141279 1
ec1 141360 141967 1
ec1 146745 146745 1
ec1 146754 146754 1
ec1 149630 149630 1
ec1 167442 173444 1
ec1 185977 185977 1
ec1 191812 192580 1
ec1 192814 193498 1
ec1 208326 209580 1
ec1 208411 209580 1
ec1 218837 218837 1
ec1 222714 222714 1
ec1 236913 237007 1
ec1 251969 253161 1
ec1 251969 253161 1
ec1 255737 255737 1
ec1 255776 255776 1
ec1 255809 255809 1
ec1 255914 256474 1
ec1 256502 257771 1
ec1 260158 260158 1
ec1 262841 262946 1
ec1 290340 290340 1
ec1 293118 293118 1
ec1 310797 310797 1
ec1 312805 312805 1
ec1 313285 313285 1
ec1 329361 329361 1
ec1 329421 331496 1
ec1 331873 333459 1
ec1 331873 333459 1
ec1 332039 333459 1
ec1 332039 333459 1
ec1 348471 348471 1
ec1 354884 357454 1
ec1 358709 358709 1
ec1 358773 361236 1
ec1 358773 360278 1
ec1 366343 366343 1
ec1 366343 366343 1
ec1 366358 366358 1
ec1 366358 366358 1
ec1 366365 366365 1
ec1 366365 366365 1
ec1 366377 366377 1
ec1 366377 366377 1
ec1 367538 367538 1
ec1 367538 367538 1
ec1 368519 374881 1
ec1 401319 401646 1
ec1 401363 401646 1
ec1 412529 412529 1
ec1 416977 416977 1
ec1 417101 419184 1
ec1 432091 432091 1
ec1 432091 432091 1
ec1 432245 432245 1
ec1 432245 432245 1
ec1 451653 451653 1
ec1 454210 454210 1
ec1 454349 454865 1
ec1 454434 454865 1
ec1 456577 458755 1
ec1 456605 458755 1
ec1 456646 458755 1
ec1 461305 461742 1
ec1 461305 461742 1
ec1 461305 461778 1
ec1 461305 461778 1
ec1 461332 461742 1
ec1 461332 461742 1
ec1 461332 461778 1
ec1 461332 461778 1
ec1 461395 461742 1
ec1 461395 461742 1
ec1 461395 461778 1
ec1 461395 461778 1
ec1 461442 461742 1
ec1 461442 461742 1
ec1 461442 461778 1
ec1 461442 461778 1
ec1 461819 463786 1
ec1 461838 463786 1
ec1 468352 468841 1
ec1 485698 485698 1
ec1 485699 486408 1
ec1 491310 491963 1
ec1 498031 499017 1
ec1 507204 507287 1
ec1 511411 511411 1
ec1 546411 546411 1
ec1 553142 553142 1
ec1 564703 564799 1
ec1 583567 584430 1
ec1 583656 584430 1
ec1 595462 595462 1
ec1 595573 601857 1
ec1 601929 603409 1
ec1 605453 605453 1
ec1 622192 622192 1
ec1 622192 622192 1
ec1 622234 622234 1
ec1 622234 622234 1
ec1 622253 623550 1
ec1 622253 623550 1
ec1 622258 623550 1
ec1 622258 623550 1
ec1 624727 624727 1
ec1 624831 629713 1
ec1 629855 632091 1
ec1 629855 632091 1
ec1 629864 632091 1
ec1 629864 632091 1
ec1 629873 632091 1
ec1 629873 632091 1
ec1 636686 636686 1
ec1 638693 641318 1
ec1 638693 641318 1
ec1 638921 641318 1
ec1 638921 641318 1
ec1 657147 657501 1
ec1 657147 657501 1
ec1 657250 657501 1
ec1 657250 657501 1
ec1 700352 700352 1
ec1 701865 701865 1
ec1 701865 701865 1
ec1 702008 702008 1
ec1 702008 702008 1
ec1 703840 705965 1
ec1 710716 710716 1
ec1 710716 710716 1
ec1 710716 710716 1
ec1 710716 710716 1
ec1 710723 710723 1
ec1 710723 710723 1
ec1 710723 710723 1
ec1 710723 710723 1
ec1 728849 728849 1
ec1 754670 754670 1
ec1 754767 754767 1
ec1 755404 758450 1
ec1 758586 765049 1
ec1 765926 765926 1
ec1 771170 774181 1
ec1 771170 774181 1
ec1 771170 774181 1
ec1 771170 774181 1
ec1 771170 774181 1
ec1 771202 774181 1
ec1 771202 774181 1
ec1 771202 774181 1
ec1 771202 774181 1
ec1 771202 774181 1
ec1 771213 774181 1
ec1 771213 774181 1
ec1 771213 774181 1
ec1 771213 774181 1
ec1 771213 774181 1
ec1 771284 774181 1
ec1 771284 774181 1
ec1 771284 774181 1
ec1 771284 774181 1
ec1 771284 774181 1
ec1 771368 774181 1
ec1 771368 774181 1
ec1 771368 774181 1
ec1 771368 774181 1
ec1 771368 774181 1
ec1 785591 786821 1
ec1 787632 787632 1
ec1 787632 787632 1
ec1 787670 787670 1
ec1 787670 787670 1
ec1 792081 792081 1
ec1 792081 792081 1
ec1 792086 792086 1
ec1 792086 792086 1
ec1 792177 792177 1
ec1 792177 792177 1
ec1 792081 792081 1
ec1 792081 792081 1
ec1 792081 792081 1
ec1 792081 792081 1
ec1 792086 792086 1
ec1 792086 792086 1
ec1 792081 792081 1
ec1 792081 792081 1
ec1 792081 792081 1
ec1 792081 792081 1
ec1 792086 792086 1
ec1 792086 792086 1
ec1 792081 792081 1
ec1 792081 792081 1
ec1 792086 792086 1
ec1 792086 792086 1
ec1 794751 794922 1
ec1 794995 797612 1
ec1 795062 797612 1
ec1 809292 809292 1
ec1 809302 812947 1
ec1 813152 815547 1
ec1 813152 815547 1
ec1 813152 815547 1
ec1 813462 815547 1
ec1 813462 815547 1
ec1 813462 815547 1
ec1 813493 815547 1
ec1 813493 815547 1
ec1 813493 815547 1
ec1 819858 820588 1
ec1 833073 835220 1
ec1 841648 841648 1
ec1 842153 842153 1
ec1 846631 846631 1
ec1 848950 848950 1
ec1 850209 851009 1
ec1 850419 851009 1
ec1 866394 866394 1
ec1 880653 881929 1
ec1 900626 900626 1
ec1 903769 903769 1
ec1 903815 903815 1
ec1 903836 903836 1
ec1 903843 903843 1
ec1 914895 914895 1
ec1 922676 922676 1
ec1 923080 925540 1
ec1 923092 925540 1
ec1 923210 925540 1
ec1 926007 926007 1
ec1 926479 926479 1
ec1 926479 926479 1
ec1 926685 926685 1
ec1 926685 926685 1
ec1 931031 931031 1
ec1 932328 933089 1
ec1 932929 937213 1
ec1 932929 937213 1
ec1 933138 937213 1
ec1 933138 937213 1
ec1 940823 944896 1
ec1 940878 944896 1
ec1 951154 951154 1
ec1 953579 953579 1
ec1 953579 953579 1
ec1 953579 953579 1
ec1 953641 953641 1
ec1 953641 953641 1
ec1 953641 953641 1
ec1 953741 953741 1
ec1 953741 953741 1
ec1 953741 953741 1
ec1 953851 953851 1
ec1 953851 953851 1
ec1 953851 953851 1
ec1 953925 953925 1
ec1 953925 953925 1
ec1 953925 953925 1
ec1 957579 958741 1
ec1 957595 958741 1
ec1 963749 964112 1
ec1 963749 964112 1
ec1 990414 990414 1
ec1 997563 997563 1
ec1 1004732 1005778 1
ec1 1011659 1014899 1
ec1 1011659 1014899 1
ec1 1011666 1014899 1
ec1 1011666 1014899 1
ec1 1016498 1016498 1
ec1 1020187 1020187 1
ec1 1020191 1020191 1
ec1 1020947 1020947 1
ec1 1021083 1021767 1
ec1 1031443 1031443 1
ec1 1031719 1031719 1
ec1 1031984 1037634 1
ec1 1037710 1041915 1
ec1 1050702 1050702 1
ec1 1057984 1057984 1
ec1 1058056 1062398 1
ec1 1063828 1063828 1
ec1 1063828 1063828 1
ec1 1063828 1063828 1
ec1 1063833 1063833 1
ec1 1063833 1063833 1
ec1 1063833 1063833 1
ec1 1063919 1063919 1
ec1 1063919 1063919 1
ec1 1063919 1063919 1
ec1 1064037 1064037 1
ec1 1064037 1064037 1
ec1 1064037 1064037 1
ec1 1074113 1074880 1
ec1 1074134 1074880 1
ec1 1078925 1078925 1
ec1 1079168 1080838 1
ec1 1079168 1080838 1
ec1 1079179 1080838 1
ec1 1079179 1080838 1
ec1 1079185 1080838 1
ec1 1079185 1080838 1
ec1 1079210 1080838 1
ec1 1079210 1080838 1
ec1 1079291 1080838 1
ec1 1079291 1080838 1
ec1 1081307 1082185 1
ec1 1084865 1086095 1
ec1 1084938 1086095 1
ec1 1092841 1094234 1
ec1 1097676 1097676 1
ec1 1100252 1100787 1
ec1 1109257 1113560 1
ec1 1109257 1113560 1
ec1 1109278 1113560 1
ec1 1109278 1113560 1
ec1 1121020 1121020 1
ec1 1121032 1121032 1
ec1 1121058 1121058 1
ec1 1121509 1121509 1
ec1 1122643 1122643 1
ec1 1124103 1124103 1
ec1 1130885 1130885 1
ec1 1130993 1138312 1
ec1 1144421 1144421 1
ec1 1144421 1144421 1
ec1 1144421 1144421 1
ec1 1144728 1144728 1
ec1 1144728 1144728 1
ec1 1144728 1144728 1
ec1 1144762 1144762 1
ec1 1144762 1144762 1
ec1 1144762 1144762 1
ec1 1144873 1144873 1
ec1 1144873 1144873 1
ec1 1144873 1144873 1
ec1 1148516 1151404 1
ec1 1151575 1151887 1
ec1 1157626 1159302 1
ec1 1157766 1159302 1
ec1 1165992 1167389 1
ec1 1169019 1169330 1
ec1 1169033 1169330 1
ec1 1170417 1170417 1
ec1 1173992 1173992 1
ec1 1173992 1173992 1
ec1 1174028 1174028 1
ec1 1174028 1174028 1
ec1 1194961 1196373 1
ec1 1194961 1196373 1
ec1 1195008 1196373 1
ec1 1195008 1196373 1
ec1 1212090 1212090 1
ec1 1212123 1212123 1
ec1 1214113 1214113 1
ec1 1215506 1215506 1
ec1 1230738 1232454 1
ec1 1234905 1235698 1
ec1 1234916 1235698 1
ec1 1237509 1239949 1
ec1 1237509 1239949 1
ec1 1237509 1239949 1
ec1 1237525 1239949 1
ec1 1237525 1239949 1
ec1 1237525 1239949 1
ec1 1237538 1239949 1
ec1 1237538 1239949 1
ec1 1237538 1239949 1
ec1 1257882 1257882 1
ec1 1257882 1257882 1
ec1 1258738 1259069 1
ec1 1262177 1262177 1
ec1 1267854 1269067 1
ec1 1267854 1269067 1
ec1 1273760 1275178 1
ec1 1277777 1277777 1
ec1 1277821 1279348 1
ec1 1277821 1279348 1
ec1 1277932 1279348 1
ec1 1277932 1279348 1
ec1 1279807 1286526 1
ec1 1292958 1292958 1
ec1 1311054 1311846 1
ec1 1313698 1313698 1
ec1 1315396 1315396 1
ec1 1319944 1319944 1
ec1 1323108 1323108 1
ec1 1323108 1323108 1
ec1 1329284 1330381 1
ec1 1329284 1330381 1
ec1 1329301 1330381 1
ec1 1329301 1330381 1
ec1 1330789 1333645 1
ec1 1330789 1333645 1
ec1 1330789 1333645 1
ec1 1330789 1333645 1
ec1 1330818 1333645 1
ec1 1330818 1333645 1
ec1 1330818 1333645 1
ec1 1330818 1333645 1
ec1 1330848 1333645 1
ec1 1330848 1333645 1
ec1 1330848 1333645 1
ec1 1330848 1333645 1
ec1 1330883 1333645 1
ec1 1330883 1333645 1
ec1 1330883 1333645 1
ec1 1330883 1333645 1
ec1 1330980 1333645 1
ec1 1330980 1333645 1
ec1 1330980 1333645 1
ec1 1330980 1333645 1
ec1 1333788 1334874 1
ec1 1335424 1338506 1
ec1 1335781 1338506 1
ec1 1335827 1338506 1
ec1 1339190 1339190 1
ec1 1339190 1339190 1
ec1 1339234 1339234 1
ec1 1339234 1339234 1
ec1 1339309 1340094 1
ec1 1340135 1341727 1
ec1 1340186 1341727 1
ec1 1343369 1343369 1
ec1 1343476 1343476 1
ec1 1348944 1348944 1
ec1 1348944 1348944 1
ec1 1349129 1349129 1
ec1 1349129 1349129 1
ec1 1350132 1350132 1
ec1 1367929 1367929 1
ec1 1367929 1367929 1
ec1 1367929 1367929 1
ec1 1367945 1367945 1
ec1 1367945 1367945 1
ec1 1367945 1367945 1
ec1 1368040 1368040 1
ec1 1368040 1368040 1
ec1 1368040 1368040 1
ec1 1386692 1388301 1
ec1 1388844 1388844 1
ec1 1399552 1399552 1
ec1 1409129 1409249 1
ec1 1437121 1437229 1
ec1 1441780 1441780 1
ec1 1447309 1447309 1
ec1 1447309 1447309 1
ec1 1447309 1447309 1
ec1 1447349 1447349 1
ec1 1447349 1447349 1
ec1 1447349 1447349 1
ec1 1447367 1447367 1
ec1 1447367 1447367 1
ec1 1447367 1447367 1
ec1 1447394 1447394 1
ec1 1447394 1447394 1
ec1 1447394 1447394 1
ec1 1447370 1449063 1
ec1 1447370 1449063 1
ec1 1447492 1449063 1
ec1 1447492 1449063 1
ec1 1451409 1451409 1
ec1 1453865 1463438 1
ec1 1463509 1465061 1
ec1 1482904 1482904 1
ec1 1488190 1489671 1
ec1 1491506 1491506 1
ec1 1492119 1492174 1
ec1 1506150 1506708 1
ec1 1509221 1509924 1
ec1 1544124 1544124 1
ec1 1544163 1544163 1
ec1 1547372 1551991 1
ec1 1556596 1557056 1
ec1 1556606 1557056 1
ec1 1582554 1582554 1
ec1 1586664 1586664 1
ec1 1592482 1592482 1
ec1 1601257 1601257 1
ec1 1610720 1610720 1
ec1 1619093 1620207 1
ec1 1622588 1622799 1
ec1 1622914 1622914 1
ec1 1623879 1623879 1
ec1 1624559 1624559 1
ec1 1624688 1625291 1
ec1 1668603 1668603 1
ec1 1677975 1677975 1
ec1 1686654 1686654 1
ec1 1686709 1686709 1
ec1 1688440 1688440 1
ec1 1688440 1688440 1
ec1 1688551 1689751 1
ec1 1697075 1697075 1
ec1 1699228 1699228 1
ec1 1699313 1702129 1
ec1 1702202 1703234 1
ec1 1712671 1714271 1
ec1 1726021 1727756 1
ec1 1727801 1728244 1
ec1 1727801 1728244 1
ec1 1734162 1734162 1
ec1 1734357 1735250 1
ec1 1735323 1735959 1
ec1 1737689 1738869 1
ec1 1746415 1746592 1
ec1 1755467 1757110 1
ec1 1755467 1757110 1
ec1 1755600 1757110 1
ec1 1755600 1757110 1
ec1 1755617 1757110 1
ec1 1755617 1757110 1
ec1 1755663 1757110 1
ec1 1755663 1757110 1
ec1 1764418 1764418 1
ec1 1787161 1787161 1
ec1 1788318 1789510 1
ec1 1788318 1789510 1
ec1 1788384 1789510 1
ec1 1788384 1789510 1
ec1 1799763 1799763 1
ec1 1799763 1799763 1
ec1 1810170 1810801 1
ec1 1813742 1813742 1
ec1 1822283 1822283 1
ec1 1822302 1823285 1
ec1 1823492 1824402 1
ec1 1825688 1825688 1
ec1 1832013 1832013 1
ec1 1832039 1832039 1
ec1 1832044 1832044 1
ec1 1842308 1843714 1
ec1 1862240 1863766 1
ec1 1862240 1863766 1
ec1 1862240 1863766 1
ec1 1862247 1863766 1
ec1 1862247 1863766 1
ec1 1862247 1863766 1
ec1 1862526 1863766 1
ec1 1862526 1863766 1
ec1 1862526 1863766 1
ec1 1862597 1863766 1
ec1 1862597 1863766 1
ec1 1862597 1863766 1
ec1 1862735 1863766 1
ec1 1862735 1863766 1
ec1 1862735 1863766 1
ec1 1862464 1862464 1
ec1 1865724 1865724 1
ec1 1888061 1888061 1
ec1 1901772 1901772 1
ec1 1901933 1904746 1
ec1 1905459 1906254 1
ec1 1929732 1929732 1
ec1 1930765 1930765 1
ec1 1932784 1932784 1
ec1 1932799 1932799 1
ec1 1933109 1933109 1
ec1 1936376 1936376 1
ec1 1937494 1939091 1
ec1 1937494 1939091 1
ec1 1937544 1939091 1
ec1 1937544 1939091 1
ec1 1942634 1944199 1
ec1 1946110 1946853 1
ec1 1946144 1946853 1
ec1 1947439 1947439 1
ec1 1947439 1947439 1
ec1 1947439 1947439 1
ec1 1960001 1961843 1
ec1 1966216 1966216 1
ec1 1978395 1978395 1
ec1 1978577 1978577 1
ec1 1986148 1986148 1
ec1 1986238 1986238 1
ec1 1986775 1987428 1
ec1 1986799 1987428 1
ec1 1988001 1988001 1
ec1 1988682 1989213 1
ec1 1989502 1990892 1
ec1 1989645 1990892 1
ec1 1994879 1994879 1
ec1 1995406 1995406 1
ec1 1996857 1996857 1
ec1 1996857 1996857 1
ec1 1996857 1996857 1
ec1 1996857 1996857 1
ec1 1996857 1996857 1
ec1 1996867 1996867 1
ec1 1996867 1996867 1
ec1 1996867 1996867 1
ec1 1996867 1996867 1
ec1 1996867 1996867 1
ec1 1996893 1996893 1
ec1 1996893 1996893 1
ec1 1996893 1996893 1
ec1 1996893 1996893 1
ec1 1996893 1996893 1
ec1 1996897 1996897 1
ec1 1996897 1996897 1
ec1 1996897 1996897 1
ec1 1996897 1996897 1
ec1 1996897 1996897 1
ec1 1996910 1996910 1
ec1 1996910 1996910 1
ec1 1996910 1996910 1
ec1 1996910 1996910 1
ec1 1996910 1996910 1
ec1 1996917 1996917 1
ec1 1996917 1996917 1
ec1 1996917 1996917 1
ec1 1996917 1996917 1
ec1 1996917 1996917 1
ec1 1996880 1997097 1
ec1 1996906 1997097 1
ec1 2000410 2000410 1
ec1 2003817 2006165 1
ec1 2006115 2007674 1
ec1 2013036 2013036 1
ec1 2013093 2013093 1
ec1 2013146 2019513 1
ec1 2013205 2019513 1
ec1 2019584 2023678 1
ec1 2019595 2023678 1
ec1 2023836 2024591 1
ec1 2025313 2025313 1
ec1 2035630 2036686 1
ec1 2035780 2036686 1
ec1 2038840 2039369 1
ec1 2041346 2042025 1
ec1 2043562 2043562 1
ec1 2044541 2044624 1
ec1 2053566 2054959 1
ec1 2059845 2059926 1
ec1 2060941 2060941 1
ec1 2062252 2062335 1
ec1 2065874 2065874 1
ec1 2065874 2065874 1
ec1 2065972 2065972 1
ec1 2065972 2065972 1
ec1 2071474 2074658 1
ec1 2071503 2074658 1
ec1 2093360 2097225 1
ec1 2101324 2101324 1
ec1 2153311 2153454 1
ec1 2153646 2153781 1
ec1 2168349 2168349 1
ec1 2177234 2177234 1
ec1 2185827 2187298 1
ec1 2185903 2185903 1
ec1 2193758 2196366 1
ec1 2193758 2196366 1
ec1 2194269 2196366 1
ec1 2194269 2196366 1
ec1 2194203 2194203 1
ec1 2196445 2197298 1
ec1 2214840 2215597 1
ec1 2222120 2222120 1
ec1 2231819 2232728 1
ec1 2233989 2236500 1
ec1 2239391 2239391 1
ec1 2240566 2240566 1
ec1 2241710 2241710 1
ec1 2246929 2246929 1
ec1 2246929 2246929 1
ec1 2246942 2246942 1
ec1 2246942 2246942 1
ec1 2248560 2248560 1
ec1 2250806 2251697 1
ec1 2255252 2255252 1
ec1 2263597 2263597 1
ec1 2282440 2282836 1
ec1 2308641 2308641 1
ec1 2309445 2309445 1
ec1 2312830 2312830 1
ec1 2312864 2312864 1
ec1 2312887 2312887 1
ec1 2313084 2313176 1
ec1 2313452 2316827 1
ec1 2315695 2316827 1
ec1 2315695 2316827 1
ec1 2315975 2316827 1
ec1 2315975 2316827 1
ec1 2339457 2339457 1
ec1 2339539 2340289 1
ec1 2349499 2349499 1
ec1 2352451 2352451 1
ec1 2352583 2356752 1
ec1 2405162 2405162 1
ec1 2405335 2405335 1
ec1 2426837 2426837 1
ec1 2434015 2434015 1
ec1 2441641 2441641 1
ec1 2456999 2456999 1
ec1 2460511 2460511 1
ec1 2466308 2466383 1
ec1 2466515 2467702 1
ec1 2477746 2477746 1
ec1 2477821 2480530 1
ec1 2479121 2480530 1
ec1 2483631 2487967 1
ec1 2483641 2487967 1
ec1 2493439 2493439 1
ec1 2498399 2498399 1
ec1 2509447 2509447 1
ec1 2509447 2509447 1
ec1 2509461 2509461 1
ec1 2509461 2509461 1
ec1 2512734 2512734 1
ec1 2513009 2514244 1
ec1 2518253 2518253 1
ec1 2520730 2520730 1
ec1 2520730 2520730 1
ec1 2520730 2520730 1
ec1 2520776 2520776 1
ec1 2520776 2520776 1
ec1 2520776 2520776 1
ec1 2520784 2520784 1
ec1 2520784 2520784 1
ec1 2520784 2520784 1
ec1 2522505 2522505 1
ec1 2522505 2522505 1
ec1 2522505 2522505 1
ec1 2522505 2522505 1
ec1 2522563 2522563 1
ec1 2522563 2522563 1
ec1 2522563 2522563 1
ec1 2522563 2522563 1
ec1 2524910 2524910 1
ec1 2532344 2533424 1
ec1 2532377 2533424 1
ec1 2535480 2536380 1
ec1 2535480 2536380 1
ec1 2535610 2536380 1
ec1 2535610 2536380 1
ec1 2543557 2543557 1
ec1 2545733 2548097 1
ec1 2545733 2548097 1
ec1 2545741 2548097 1
ec1 2545741 2548097 1
ec1 2545793 2545793 1
ec1 2553205 2554124 1
ec1 2553205 2554124 1
ec1 2587475 2590708 1
ec1 2587550 2590708 1
ec1 2597781 2597781 1
ec1 2599014 2599014 1
ec1 2599806 2600478 1
ec1 2599806 2600478 1
ec1 2599879 2600478 1
ec1 2599879 2600478 1
ec1 2600437 2600948 1
ec1 2621153 2622872 1
ec1 2634107 2634107 1
ec1 2634197 2635602 1
ec1 2640642 2640642 1
ec1 2662199 2662199 1
ec1 2665401 2666715 1
ec1 2685574 2685574 1
ec1 2687441 2687441 1
ec1 2687441 2687441 1
ec1 2687503 2687503 1
ec1 2687503 2687503 1
ec1 2687526 2687526 1
ec1 2687526 2687526 1
ec1 2691123 2691123 1
ec1 2691340 2691340 1
ec1 2691340 2691340 1
ec1 2695589 2695589 1
ec1 2695767 2697357 1
ec1 2700291 2700291 1
ec1 2700518 2700596 1
ec1 2709632 2709632 1
ec1 2710357 2712042 1
ec1 2716506 2716506 1
ec1 2716523 2716523 1
ec1 2718675 2719154 1
ec1 2719931 2722613 1
ec1 2734295 2734295 1
ec1 2737579 2738940 1
ec1 2751759 2753456 1
ec1 2755586 2755955 1
ec1 2765894 2767355 1
ec1 2766707 2767355 1
ec1 2766860 2767355 1
ec1 2790912 2795653 1
ec1 2791172 2795653 1
ec1 2798536 2798536 1
ec1 2798536 2798536 1
ec1 2798556 2798556 1
ec1 2798556 2798556 1
ec1 2798578 2798578 1
ec1 2798578 2798578 1
ec1 2800656 2804461 1
ec1 2804563 2808124 1
ec1 2804563 2808124 1
ec1 2804563 2808124 1
ec1 2804599 2808124 1
ec1 2804599 2808124 1
ec1 2804599 2808124 1
ec1 2804755 2808124 1
ec1 2804755 2808124 1
ec1 2804755 2808124 1
ec1 2819189 2819189 1
ec1 2819189 2819189 1
ec1 2819189 2819189 1
ec1 2819198 2819198 1
ec1 2819198 2819198 1
ec1 2819198 2819198 1
ec1 2819273 2819273 1
ec1 2819273 2819273 1
ec1 2819273 2819273 1
ec1 2819370 2819370 1
ec1 2819370 2819370 1
ec1 2819370 2819370 1
ec1 2819373 2819373 1
ec1 2819373 2819373 1
ec1 2819373 2819373 1
ec1 2823819 2823819 1
ec1 2823819 2823819 1
ec1 2838014 2838014 1
ec1 2838014 2838014 1
ec1 2838014 2838014 1
ec1 2838105 2838105 1
ec1 2838105 2838105 1
ec1 2838105 2838105 1
ec1 2839429 2842414 1
ec1 2867567 2867567 1
ec1 2867567 2867567 1
ec1 2867567 2867567 1
ec1 2867607 2867607 1
ec1 2867607 2867607 1
ec1 2867607 2867607 1
ec1 2867654 2867654 1
ec1 2867654 2867654 1
ec1 2867654 2867654 1
ec1 2867724 2867724 1
ec1 2867724 2867724 1
ec1 2867724 2867724 1
ec1 2868118 2868118 1
ec1 2868118 2868118 1
ec1 2868118 2868118 1
ec1 2876368 2876368 1
ec1 2884319 2884319 1
ec1 2891964 2891964 1
ec1 2907968 2907968 1
ec1 2907968 2907968 1
ec1 2908018 2908018 1
ec1 2908018 2908018 1
ec1 2908152 2908152 1
ec1 2908152 2908152 1
ec1 2908674 2908674 1
ec1 2908674 2908674 1
ec1 2908702 2908702 1
ec1 2908702 2908702 1
ec1 2908846 2908846 1
ec1 2908846 2908846 1
ec1 2924524 2924524 1
ec1 2933854 2933854 1
ec1 2934119 2940099 1
ec1 2942639 2942639 1
ec1 2942696 2942900 1
ec1 2947382 2947717 1
ec1 2947382 2947756 1
ec1 2949156 2950573 1
ec1 2959011 2959011 1
ec1 2962507 2962507 1
ec1 2965254 2965254 1
ec1 2965254 2965254 1
ec1 2966121 2966121 1
ec1 2976569 2977630 1
ec1 2978950 2979956 1
ec1 2978951 2978951 1
ec1 2982208 2982208 1
ec1 2991879 2993470 1
ec1 3018950 3020522 1
ec1 3039822 3040376 1
ec1 3050772 3050772 1
ec1 3055759 3056283 1
ec1 3055974 3056283 1
ec1 3058456 3058456 1
ec1 3058456 3058456 1
ec1 3058549 3058549 1
ec1 3058549 3058549 1
ec1 3068836 3068836 1
ec1 3072648 3072648 1
ec1 3072648 3072648 1
ec1 3072648 3072648 1
ec1 3072735 3072735 1
ec1 3072735 3072735 1
ec1 3072735 3072735 1
ec1 3072857 3072857 1
ec1 3072857 3072857 1
ec1 3072857 3072857 1
ec1 3081892 3082671 1
ec1 3086048 3086048 1
ec1 3086577 3087860 1
ec1 3088255 3089678 1
ec1 3100751 3100751 1
ec1 3100790 3100790 1
ec1 3105651 3106970 1
ec1 3128076 3128076 1
ec1 3128206 3129036 1
ec1 3136403 3136403 1
ec1 3146363 3146363 1
ec1 3152014 3152014 1
ec1 3152075 3153423 1
ec1 3156571 3157450 1
ec1 3168562 3168562 1
ec1 3168562 3168562 1
ec1 3168653 3168653 1
ec1 3168653 3168653 1
ec1 3169749 3171833 1
ec1 3169749 3171833 1
ec1 3169801 3171833 1
ec1 3169801 3171833 1
ec1 3194865 3194865 1
ec1 3195240 3195240 1
ec1 3206424 3209487 1
ec1 3210646 3211072 1
ec1 3212473 3214962 1
ec1 3212473 3214962 1
ec1 3212473 3214962 1
ec1 3212473 3214962 1
ec1 3212473 3214962 1
ec1 3212637 3214962 1
ec1 3212637 3214962 1
ec1 3212637 3214962 1
ec1 3212637 3214962 1
ec1 3212637 3214962 1
ec1 3212688 3214962 1
ec1 3212688 3214962 1
ec1 3212688 3214962 1
ec1 3212688 3214962 1
ec1 3212688 3214962 1
ec1 3212693 3214888 1
ec1 3212693 3214888 1
ec1 3212693 3214888 1
ec1 3212693 3214888 1
ec1 3212693 3214888 1
ec1 3215597 3215673 1
ec1 3216538 3216538 1
ec1 3222551 3226171 1
ec1 3234480 3234480 1
ec1 3244843 3244843 1
ec1 3244857 3244857 1
ec1 3246618 3247428 1
ec1 3270592 3270592 1
ec1 3270592 3270592 1
ec1 3270592 3270592 1
ec1 3278703 3278703 1
ec1 3305860 3305860 1
ec1 3305932 3305932 1
ec1 3311326 3311326 1
ec1 3311326 3311326 1
ec1 3311326 3311326 1
ec1 3318297 3318297 1
ec1 3318297 3318297 1
ec1 3318297 3318297 1
ec1 3318297 3318297 1
ec1 3318375 3318375 1
ec1 3318375 3318375 1
ec1 3318375 3318375 1
ec1 3318375 3318375 1
ec1 3318562 3319980 1
ec1 3322278 3322278 1
ec1 3322278 3322278 1
ec1 3328853 3328853 1
ec1 3328864 3328864 1
ec1 3343299 3344669 1
ec1 3343326 3344669 1
ec1 3354509 3361940 1
ec1 3373620 3373620 1
ec1 3374583 3376236 1
ec1 3374766 3376236 1
ec1 3380698 3382154 1
ec1 3380698 3382178 1
ec1 3382173 3383316 1
ec1 3384313 3384313 1
ec1 3384470 3384470 1
ec1 3384602 3385173 1
ec1 3384677 3385173 1
ec1 3401129 3401129 1
ec1 3401129 3401129 1
ec1 3401193 3401193 1
ec1 3401193 3401193 1
ec1 3401356 3401356 1
ec1 3401356 3401356 1
ec1 3401129 3401129 1
ec1 3401129 3401129 1
ec1 3401193 3401193 1
ec1 3401193 3401193 1
ec1 3401356 3401356 1
ec1 3401356 3401356 1
ec1 3405140 3407302 1
ec1 3405172 3407302 1
ec1 3413702 3418177 1
ec1 3438673 3438673 1
ec1 3455482 3466220 1
ec1 3455482 3466220 1
ec1 3455527 3466220 1
ec1 3455527 3466220 1
ec1 3455531 3466220 1
ec1 3455531 3466220 1
ec1 3455495 3455495 1
ec1 3455495 3455495 1
ec1 3455510 3455510 1
ec1 3455510 3455510 1
ec1 3455519 3455519 1
ec1 3455519 3455519 1
ec1 3455634 3455634 1
ec1 3455634 3455634 1
ec1 3469896 3469896 1
ec1 3471583 3471583 1
ec1 3471583 3471583 1
ec1 3471724 3471724 1
ec1 3471724 3471724 1
ec1 3485951 3485951 1
ec1 3485953 3486752 1
ec1 3486025 3486752 1
ec1 3486031 3486752 1
ec1 3490221 3490221 1
ec1 3490851 3490851 1
ec1 3492335 3492335 1
ec1 3492335 3492335 1
ec1 3492335 3492335 1
ec1 3492335 3492335 1
ec1 3492395 3492395 1
ec1 3492395 3492395 1
ec1 3492395 3492395 1
ec1 3492395 3492395 1
ec1 3492430 3492430 1
ec1 3492430 3492430 1
ec1 3492430 3492430 1
ec1 3492430 3492430 1
ec1 3492449 3492449 1
ec1 3492449 3492449 1
ec1 3492449 3492449 1
ec1 3492449 3492449 1
ec1 3497754 3499201 1
ec1 3497754 3499201 1
ec1 3497793 3499201 1
ec1 3497793 3499201 1
ec1 3513697 3513697 1
ec1 3513697 3513697 1
ec1 3513697 3513697 1
ec1 3513697 3513697 1
ec1 3513697 3513697 1
ec1 3513697 3513697 1
ec1 3532679 3534440 1
ec1 3540057 3542964 1
ec1 3545458 3546199 1
ec1 3545596 3546199 1
ec1 3546405 3547875 1
ec1 3546446 3547875 1
ec1 3546449 3547875 1
ec1 3552510 3552510 1
ec1 3553024 3555820 1
ec1 3561971 3563518 1
ec1 3568392 3568392 1
ec1 3569389 3569389 1
ec1 3569455 3569455 1
ec1 3569571 3569571 1
ec1 3573657 3573657 1
ec1 3577645 3577645 1
ec1 3577645 3577645 1
ec1 3578818 3578818 1
ec1 3578862 3578862 1
ec1 3578880 3578880 1
ec1 3581016 3581016 1
ec1 3581111 3581626 1
ec1 3592378 3592378 1
ec1 3592378 3592378 1
ec1 3592426 3592426 1
ec1 3592426 3592426 1
ec1 3597730 3597730 1
ec1 3597755 3597755 1
ec1 3599762 3599762 1
ec1 3600813 3600813 1
ec1 3600813 3600813 1
ec1 3600813 3600813 1
ec1 3600849 3600849 1
ec1 3600849 3600849 1
ec1 3600849 3600849 1
ec1 3600863 3600863 1
ec1 3600863 3600863 1
ec1 3600863 3600863 1
ec1 3600870 3600870 1
ec1 3600870 3600870 1
ec1 3600870 3600870 1
ec1 3601003 3601003 1
ec1 3601003 3601003 1
ec1 3601003 3601003 1
ec1 3606422 3608649 1
ec1 3639983 3640591 1
ec1 3639998 3640591 1
ec1 3640000 3640591 1
ec1 3646112 3647651 1
ec1 3647982 3647982 1
ec1 3648512 3650662 1
ec1 3656960 3657567 1
ec1 3657800 3658893 1
ec1 3658242 3658893 1
ec1 3658054 3658054 1
ec1 3659084 3663527 1
ec1 3659140 3663527 1
ec1 3659145 3663527 1
ec1 3669261 3669261 1
ec1 3683498 3683498 1
ec1 3692673 3692673 1
ec1 3696364 3696364 1
ec1 3696443 3699893 1
ec1 3700136 3700199 1
ec1 3707870 3707870 1
ec1 3712043 3712043 1
ec1 3719889 3720313 1
ec1 3719889 3720313 1
ec1 3719940 3720313 1
ec1 3719940 3720313 1
ec1 3725354 3725354 1
ec1 3737470 3739570 1
ec1 3737470 3739620 1
ec1 3742618 3742618 1
ec1 3772188 3776175 1
ec1 3772188 3776209 1
ec1 3772188 3776304 1
ec1 3772188 3776419 1
ec1 3777289 3781017 1
ec1 3790149 3790149 1
ec1 3801136 3801136 1
ec1 3808180 3808180 1
ec1 3808238 3808238 1
ec1 3808256 3809817 1
ec1 3808256 3809817 1
ec1 3808516 3809817 1
ec1 3808516 3809817 1
ec1 3821388 3822051 1
ec1 3843910 3845730 1
ec1 3847198 3847198 1
ec1 3853023 3853023 1
ec1 3880150 3880150 1
ec1 3881841 3881841 1
ec1 3881841 3881841 1
ec1 3881841 3881841 1
ec1 3881861 3881861 1
ec1 3881861 3881861 1
ec1 3881861 3881861 1
ec1 3888411 3888509 1
ec1 3888411 3888509 1
ec1 3907665 3907665 1
ec1 3907665 3907665 1
ec1 3907665 3907665 1
ec1 3907665 3907665 1
ec1 3907665 3907665 1
ec1 3911568 3911568 1
ec1 3911568 3911568 1
ec1 3915223 3915223 1
ec1 3915223 3915223 1
ec1 3915326 3915326 1
ec1 3915326 3915326 1
ec1 3922525 3922525 1
ec1 3926475 3926475 1
ec1 3927031 3927031 1
ec1 3927129 3928147 1
ec1 3933322 3939219 1
ec1 3950218 3956985 1
ec1 3950218 3956985 1
ec1 3950218 3957123 1
ec1 3950218 3957123 1
ec1 3950290 3956985 1
ec1 3950290 3956985 1
ec1 3950290 3957123 1
ec1 3950290 3957123 1
ec1 3950218 3950471 1
ec1 3950218 3950471 1
ec1 3950290 3950471 1
ec1 3950290 3950471 1
ec1 3957867 3957867 1
ec1 3957912 3959445 1
ec1 3960647 3962698 1
ec1 3965647 3966090 1
ec1 3965647 3966090 1
ec1 3965687 3966090 1
ec1 3965687 3966090 1
ec1 3986432 3986603 1
ec1 3990774 3993699 1
ec1 3990774 3993699 1
ec1 3990790 3993699 1
ec1 3990790 3993699 1
ec1 3990999 3993699 1
ec1 3990999 3993699 1
ec1 3997907 4000145 1
ec1 3997971 4000145 1
ec1 4001194 4002376 1
ec1 4004814 4005836 1
ec1 4016343 4016343 1
ec1 4016391 4017192 1
ec1 4019978 4020229 1
ec1 4021909 4024336 1
ec1 4021909 4023537 1
ec1 4031013 4031013 1
ec1 4043377 4044044 1
ec1 4043377 4044044 1
ec1 4049899 4050007 1
ec1 4051308 4051856 1
ec1 4051943 4053418 1
ec1 4056371 4056371 1
ec1 4058107 4058107 1
ec1 4058222 4058222 1
ec1 4058107 4058107 1
ec1 4058222 4058222 1
ec1 4097472 4097472 1
ec1 4097711 4099494 1
ec1 4100566 4100566 1
ec1 4100759 4101430 1
ec1 4105785 4106379 1
ec1 4107474 4108514 1
ec1 4107474 4108514 1
ec1 4107522 4108514 1
ec1 4107522 4108514 1
ec1 4111524 4111524 1
ec1 4111569 4111569 1
ec1 4114499 4114499 1
ec1 4118161 4118161 1
ec1 4119358 4119358 1
ec1 4124509 4124509 1
ec1 4128466 4128466 1
ec1 4128466 4128466 1
ec1 4128529 4128529 1
ec1 4128529 4128529 1
ec1 4128558 4128558 1
ec1 4128558 4128558 1
ec1 4128636 4132267 1
ec1 4132546 4133506 1
ec1 4133812 4136015 1
ec1 4154885 4158223 1
ec1 4154897 4154897 1
ec1 4155078 4155078 1
ec1 4158394 4158394 1
ec1 4196859 4196859 1
ec1 4196954 4196954 1
ec1 4207627 4207627 1
ec1 4214159 4215209 1
ec1 4214233 4215209 1
ec1 4215402 4220332 1
ec1 4223505 4227511 1
ec1 4223505 4227511 1
ec1 4223783 4227511 1
ec1 4223783 4227511 1
ec1 4233539 4233539 1
ec1 4233539 4233539 1
ec1 4233616 4233616 1
ec1 4233616 4233616 1
ec1 4233722 4235407 1
ec1 4235858 4236209 1
ec1 4235858 4239730 1
ec1 4235858 4239730 1
ec1 4235872 4239730 1
ec1 4235872 4239730 1
ec1 4240300 4240735 1
ec1 4246464 4246464 1
ec1 4252443 4253888 1
ec1 4267082 4268340 1
ec1 4273936 4273936 1
ec1 4274011 4274661 1
ec1 4274011 4274661 1
ec1 4274011 4274661 1
ec1 4274080 4274661 1
ec1 4274080 4274661 1
ec1 4274080 4274661 1
ec1 4274092 4274661 1
ec1 4274092 4274661 1
ec1 4274092 4274661 1
ec1 4277423 4277423 1
ec1 4277447 4277957 1
ec1 4284935 4284935 1
ec1 4284935 4284935 1
ec1 4287671 4294139 1
ec1 4313257 4313827 1
ec1 4325206 4325206 1
ec1 4330320 4332004 1
ec1 4330407 4332004 1
ec1 4340556 4340556 1
ec1 4341650 4341650 1
ec1 4341887 4344790 1
ec1 4347348 4347348 1
ec1 4347348 4347348 1
ec1 4350565 4350565 1
ec1 4351685 4351685 1
ec1 4354797 4354797 1
ec1 4354805 4354805 1
ec1 4360106 4360106 1
ec1 4361963 4361963 1
ec1 4365392 4365392 1
ec1 4366843 4366843 1
ec1 4366843 4366843 1
ec1 4366951 4366951 1
ec1 4366951 4366951 1
ec1 4368432 4368432 1
ec1 4375567 4376265 1
ec1 4379003 4379003 1
ec1 4382412 4382412 1
ec1 4392736 4392945 1
ec1 4404664 4405985 1
ec1 4414247 4415900 1
ec1 4419927 4424386 1
ec1 4436629 4436629 1
ec1 4448402 4449042 1
ec1 4448402 4449042 1
ec1 4448428 4449042 1
ec1 4448428 4449042 1
ec1 4455728 4457158 1
ec1 4455760 4457158 1
ec1 4462838 4462838 1
ec1 4466210 4466210 1
ec1 4467271 4467271 1
ec1 4467271 4467271 1
ec1 4467271 4467271 1
ec1 4467271 4467271 1
ec1 4467275 4467275 1
ec1 4467275 4467275 1
ec1 4467275 4467275 1
ec1 4467275 4467275 1
ec1 4467279 4467279 1
ec1 4467279 4467279 1
ec1 4467279 4467279 1
ec1 4467279 4467279 1
ec1 4467347 4467347 1
ec1 4467347 4467347 1
ec1 4467347 4467347 1
ec1 4467347 4467347 1
ec1 4467280 4470321 1
ec1 4467280 4470321 1
ec1 4467363 4470321 1
ec1 4467363 4470321 1
ec1 4474064 4474064 1
ec1 4478344 4478344 1
ec1 4478384 4478889 1
ec1 4478445 4478889 1
ec1 4483919 4483919 1
ec1 4483919 4483919 1
ec1 4483927 4483927 1
ec1 4483927 4483927 1
ec1 4486101 4486101 1
ec1 4486101 4486101 1
ec1 4486101 4486101 1
ec1 4486112 4486112 1
ec1 4486112 4486112 1
ec1 4486112 4486112 1
ec1 4486139 4486139 1
ec1 4486139 4486139 1
ec1 4486139 4486139 1
ec1 4491182 4491182 1
ec1 4494597 4495186 1
ec1 4518282 4518282 1
ec1 4527977 4528066 1
ec1 4540667 4541559 1
ec1 4540809 4541559 1
ec1 4541871 4542902 1
ec1 4542694 4549710 1
ec1 4551334 4551334 1
ec1 4551518 4554361 1
ec1 4554458 4555349 1
ec1 4556576 4557385 1
ec1 4556856 4557385 1
ec1 4579835 4579911 1
ec1 4579917 4579917 1
ec1 4591412 4593312 1
ec1 4591633 4593312 1
ec1 4605694 4605694 1
ec1 4605694 4605694 1
ec1 4605752 4605752 1
ec1 4605752 4605752 1
ec1 4605777 4606040 1
ec1 4611153 4612001 1
ec1 4616679 4621659 1
ec1 4616679 4621659 1
ec1 4617278 4621659 1
ec1 4617278 4621659 1
ec1 4619567 4621659 1
ec1 4632704 4633144 1
ec1 4635477 4639572 1
ec1 4640508 4640508 1
ec1 4640508 4640508 1
ec1 4640508 4640508 1
ec1 4640508 4640508 1
ec1 4640508 4640508 1
ec1 4640508 4640508 1
ec1 4640508 4640508 1
ec1 4640512 4640512 1
ec1 4640512 4640512 1
ec1 4640512 4640512 1
ec1 4640512 4640512 1
ec1 4640512 4640512 1
ec1 4640512 4640512 1
ec1 4640512 4640512 1
ec1 4640535 4640535 1
ec1 4640535 4640535 1
ec1 4640535 4640535 1
ec1 4640535 4640535 1
ec1 4640535 4640535 1
ec1 4640535 4640535 1
ec1 4640535 4640535 1
ec1 4640599 4640599 1
ec1 4640599 4640599 1
ec1 4640599 4640599 1
ec1 4640599 4640599 1
ec1 4640599 4640599 1
ec1 4640599 4640599 1
ec1 4640599 4640599 1
ec1 4640681 4640681 1
ec1 4640681 4640681 1
ec1 4640681 4640681 1
ec1 4640681 4640681 1
ec1 4640681 4640681 1
ec1 4640681 4640681 1
ec1 4640681 4640681 1
ec1 4640688 4640688 1
ec1 4640688 4640688 1
ec1 4640688 4640688 1
ec1 4640688 4640688 1
ec1 4640688 4640688 1
ec1 4640688 4640688 1
ec1 4640688 4640688 1
ec1 4640801 4640801 1
ec1 4640801 4640801 1
ec1 4640801 4640801 1
ec1 4640801 4640801 1
ec1 4640801 4640801 1
ec1 4640801 4640801 1
ec1 4640801 4640801 1
